0.000000 810.162537 841.924988 973.512512 370.025024 551.525024 932.674988 515.225037 433.550018 351.875000 651.350037 1275.256226 
0.000000 803.411133 834.908997 965.399902 366.941467 546.928955 924.902710 510.931458 429.937103 348.942719 645.922119 1264.629028 
0.000000 803.467407 834.967407 965.467529 366.967163 546.967285 924.967468 510.967224 429.967194 348.967163 645.967346 1264.717651 
0.000000 803.466980 834.966980 965.466980 366.966949 546.966980 924.966980 510.966980 429.966949 348.966949 645.966980 1264.716919 
0.000000 803.466980 834.966980 965.466980 366.966949 546.966980 924.966980 510.966980 429.966949 348.966949 645.966980 1264.716919 
0.000000 804.085693 835.585693 966.085693 367.585693 547.585693 925.585693 511.585724 430.585693 349.585693 646.585693 1265.335693 
0.000000 804.080505 835.580505 966.080505 367.580536 547.580505 925.580505 511.580536 430.580536 349.580536 646.580505 1265.330566 
0.000000 804.434937 835.934937 966.434937 367.934937 547.934937 925.934937 511.934937 430.934937 349.934937 646.934937 1265.684937 
0.000000 804.266724 835.766724 966.266724 367.766754 547.766724 925.766724 511.766724 430.766754 349.766754 646.766724 1265.516724 
0.000000 809.131226 786.181213 812.318726 427.081207 593.468689 771.818726 457.643707 451.512451 445.381226 966.987488 1485.912476 
0.000000 809.029236 786.532959 813.540161 426.525482 593.026428 773.040161 458.033295 451.278137 444.522980 964.257507 1484.014404 
0.000000 808.862854 786.362793 813.362732 426.362823 592.862854 772.862732 457.862762 451.112793 444.362854 964.113037 1483.862915 
0.000000 808.723206 786.223206 813.223206 426.223267 592.723206 772.723206 457.723267 450.973267 444.223267 963.973206 1483.723267 
0.000000 808.610596 786.110596 813.110596 426.110657 592.610596 772.610596 457.610657 450.860657 444.110657 963.860596 1483.610596 
0.000000 808.611572 786.111572 813.111572 426.111572 592.611572 772.611572 457.611572 450.861572 444.111572 963.861572 1483.611572 
0.000000 808.611572 786.111572 813.111572 426.111572 592.611572 772.611572 457.611572 450.861572 444.111572 963.861572 1483.611572 
0.000000 808.611572 786.111572 813.111572 426.111572 592.611572 772.611572 457.611572 450.861572 444.111572 963.861572 1483.611572 
0.000000 808.611572 786.111572 813.111572 426.111572 592.611572 772.611572 457.611572 450.861572 444.111572 963.861572 1483.611572 
0.000000 808.611572 786.111572 813.111572 426.111572 592.611572 772.611572 457.611572 450.861572 444.111572 963.861572 1483.611572 
0.000000 740.530334 931.292786 1053.580322 362.567810 578.980286 917.792786 521.117798 441.767822 362.417816 961.574036 1498.717896 
0.000000 741.097656 930.082947 1051.576416 363.097351 579.093872 916.582947 520.588562 441.843597 363.098602 961.593140 1498.592041 
0.000000 741.092896 930.093018 1051.593140 363.092926 579.092957 916.593018 520.593018 441.842957 363.092926 961.592957 1498.593018 
0.000000 741.092957 930.092957 1051.593018 363.092957 579.092957 916.592957 520.592957 441.842957 363.092957 961.592957 1498.593018 
0.000000 741.092957 930.092957 1051.593018 363.092957 579.092957 916.592957 520.592957 441.842957 363.092957 961.592957 1498.593018 
0.000000 909.155457 925.730469 1228.730469 358.730469 642.792969 785.180481 679.580444 528.230469 376.880493 812.030457 1247.692993 
0.000000 907.754944 925.766785 1227.254272 358.766846 642.262146 786.275574 678.255554 527.510559 376.765594 813.276794 1249.783813 
0.000000 907.766602 925.766479 1227.266602 358.766541 642.266541 786.266418 678.266602 527.516541 376.766541 813.266418 1249.766357 
0.000000 907.766479 925.766479 1227.266479 358.766541 642.266479 786.266479 678.266479 527.516479 376.766541 813.266479 1249.766479 
0.000000 907.766479 925.766479 1227.266479 358.766541 642.266479 786.266479 678.266479 527.516479 376.766541 813.266479 1249.766479 
0.000000 898.422791 1165.985352 1226.997803 344.885254 678.297791 668.022766 605.397766 545.397766 485.397766 887.866516 1290.335327 
0.000000 898.500610 1163.983521 1227.000122 345.000946 677.997498 669.008118 606.005005 545.248779 484.492493 887.244873 1289.997314 
