19:00:51.942 1.000000 1.000000 1.000000 20.000000 1.000000 0.000000 0.000000 0.000000 0.000000 0.000000 0.000000 0.000000 1.000000 1.000000 1.000000 20.000000 1.000000 0.000000 0.000000 0.000000 0.000000 0.000000 0.000000 0.000000 1.000000 1.000000 1.000000 20.000000 1.000000 0.000000 0.000000 0.000000 0.000000 0.000000 0.000000 0.000000 1.000000 1.000000 1.000000 20.000000 1.000000 0.000000 0.000000 0.000000 0.000000 0.000000 0.000000 0.000000 1.000000 1.000000 1.000000 20.000000 1.000000 0.000000 0.000000 0.000000 0.000000 0.000000 0.000000 0.000000 
19:01:21.942 1.000000 1.000000 1.000000 20.000000 1.000000 0.000000 0.000000 0.000000 0.000000 0.000000 0.000000 0.000000 1.000000 1.000000 1.000000 20.000000 1.000000 0.000000 0.000000 0.000000 0.000000 0.000000 0.000000 0.000000 1.000000 1.000000 1.000000 20.000000 1.000000 0.000000 0.000000 0.000000 0.000000 0.000000 0.000000 0.000000 1.000000 1.000000 1.000000 20.000000 1.000000 0.000000 0.000000 0.000000 0.000000 0.000000 0.000000 0.000000 1.000000 1.000000 1.000000 20.000000 1.000000 0.000000 0.000000 0.000000 0.000000 0.000000 0.000000 0.000000 
19:01:51.942 1.000000 1.000000 1.000000 20.000000 1.000000 0.000000 0.000000 0.000000 0.000000 0.000000 0.000000 0.000000 1.000000 1.000000 1.000000 20.000000 1.000000 0.000000 0.000000 0.000000 0.000000 0.000000 0.000000 0.000000 1.000000 1.000000 1.000000 20.000000 1.000000 0.000000 0.000000 0.000000 0.000000 0.000000 0.000000 0.000000 800.000000 2.000000 1.000000 20.000000 1.000000 0.000000 0.000000 0.000000 200.000000 2.000000 200.000000 0.000000 1.000000 1.000000 1.000000 20.000000 1.000000 0.000000 0.000000 0.000000 0.000000 0.000000 0.000000 0.000000 
19:02:21.942 1.000000 1.000000 1.000000 20.000000 1.000000 0.000000 0.000000 0.000000 0.000000 0.000000 0.000000 0.000000 1.000000 1.000000 1.000000 20.000000 1.000000 0.000000 0.000000 0.000000 0.000000 0.000000 0.000000 0.000000 1.000000 1.000000 1.000000 20.000000 1.000000 0.000000 0.000000 0.000000 0.000000 0.000000 0.000000 0.000000 800.000000 2.000000 1.000000 20.000000 1.000000 0.000000 0.000000 0.000000 200.000000 2.000000 200.000000 0.000000 1.000000 1.000000 1.000000 20.000000 1.000000 0.000000 0.000000 0.000000 0.000000 0.000000 0.000000 0.000000 
19:02:51.942 1.000000 1.000000 1.000000 20.000000 1.000000 0.000000 0.000000 0.000000 0.000000 0.000000 0.000000 0.000000 1.000000 1.000000 1.000000 20.000000 1.000000 0.000000 0.000000 0.000000 0.000000 0.000000 0.000000 0.000000 1.000000 1.000000 1.000000 20.000000 1.000000 0.000000 0.000000 0.000000 0.000000 0.000000 0.000000 0.000000 800.000000 2.000000 1.000000 20.000000 1.000000 0.000000 0.000000 0.000000 200.000000 2.000000 200.000000 0.000000 1.000000 1.000000 1.000000 20.000000 1.000000 0.000000 0.000000 0.000000 0.000000 0.000000 0.000000 0.000000 
19:03:21.942 1.000000 1.000000 1.000000 20.000000 1.000000 0.000000 0.000000 0.000000 0.000000 0.000000 0.000000 0.000000 1.000000 1.000000 1.000000 20.000000 1.000000 0.000000 0.000000 0.000000 0.000000 0.000000 0.000000 0.000000 1.000000 1.000000 1.000000 20.000000 1.000000 0.000000 0.000000 0.000000 0.000000 0.000000 0.000000 0.000000 800.000000 2.000000 1.000000 20.000000 1.000000 0.000000 0.000000 0.000000 200.000000 2.000000 200.000000 0.000000 1.000000 1.000000 1.000000 20.000000 1.000000 0.000000 0.000000 0.000000 0.000000 0.000000 0.000000 0.000000 
19:03:51.942 1.000000 1.000000 1.000000 20.000000 1.000000 0.000000 0.000000 0.000000 0.000000 0.000000 0.000000 0.000000 1.000000 1.000000 1.000000 20.000000 1.000000 0.000000 0.000000 0.000000 0.000000 0.000000 0.000000 0.000000 1.000000 1.000000 1.000000 20.000000 1.000000 0.000000 0.000000 0.000000 0.000000 0.000000 0.000000 0.000000 800.000000 2.000000 1.000000 20.000000 1.000000 0.000000 0.000000 0.000000 200.000000 2.000000 200.000000 0.000000 1.000000 1.000000 1.000000 20.000000 1.000000 0.000000 0.000000 0.000000 0.000000 0.000000 0.000000 0.000000 
19:04:21.942 800.000000 2.000000 1.000000 20.000000 1.000000 0.000000 0.000000 0.000000 200.000000 2.000000 200.000000 0.000000 1.000000 1.000000 1.000000 20.000000 1.000000 0.000000 0.000000 0.000000 0.000000 0.000000 0.000000 0.000000 1.000000 1.000000 1.000000 20.000000 1.000000 0.000000 0.000000 0.000000 0.000000 0.000000 0.000000 0.000000 800.000000 2.000000 1.000000 20.000000 1.000000 0.000000 0.000000 0.000000 200.000000 2.000000 200.000000 0.000000 1.000000 1.000000 1.000000 20.000000 1.000000 0.000000 0.000000 0.000000 0.000000 0.000000 0.000000 0.000000 
19:04:51.942 800.000000 2.000000 1.000000 20.000000 1.000000 0.000000 0.000000 0.000000 200.000000 2.000000 200.000000 0.000000 1.000000 1.000000 1.000000 20.000000 1.000000 0.000000 0.000000 0.000000 0.000000 0.000000 0.000000 0.000000 1.000000 1.000000 1.000000 20.000000 1.000000 0.000000 0.000000 0.000000 0.000000 0.000000 0.000000 0.000000 800.000000 2.000000 1.000000 20.000000 1.000000 0.000000 0.000000 0.000000 200.000000 2.000000 200.000000 0.000000 1.000000 1.000000 1.000000 20.000000 1.000000 0.000000 0.000000 0.000000 0.000000 0.000000 0.000000 0.000000 
19:05:21.942 800.000000 2.000000 1.000000 20.000000 1.000000 0.000000 0.000000 0.000000 200.000000 2.000000 200.000000 0.000000 1.000000 1.000000 1.000000 20.000000 1.000000 0.000000 0.000000 0.000000 0.000000 0.000000 0.000000 0.000000 1.000000 1.000000 1.000000 20.000000 1.000000 0.000000 0.000000 0.000000 0.000000 0.000000 0.000000 0.000000 800.000000 2.000000 1.000000 20.000000 1.000000 0.000000 0.000000 0.000000 200.000000 2.000000 200.000000 0.000000 1.000000 1.000000 1.000000 20.000000 1.000000 0.000000 0.000000 0.000000 0.000000 0.000000 0.000000 0.000000 
19:05:51.942 800.000000 2.000000 1.000000 20.000000 1.000000 0.000000 0.000000 0.000000 200.000000 2.000000 200.000000 0.000000 1.000000 1.000000 1.000000 20.000000 1.000000 0.000000 0.000000 0.000000 0.000000 0.000000 0.000000 0.000000 1.000000 1.000000 1.000000 20.000000 1.000000 0.000000 0.000000 0.000000 0.000000 0.000000 0.000000 0.000000 800.000000 2.000000 1.000000 20.000000 1.000000 0.000000 0.000000 0.000000 200.000000 2.000000 200.000000 0.000000 1.000000 1.000000 1.000000 20.000000 1.000000 0.000000 0.000000 0.000000 0.000000 0.000000 0.000000 0.000000 
19:06:21.942 800.000000 2.000000 1.000000 20.000000 1.000000 0.000000 0.000000 0.000000 200.000000 2.000000 200.000000 0.000000 1.000000 1.000000 1.000000 20.000000 1.000000 0.000000 0.000000 0.000000 0.000000 0.000000 0.000000 0.000000 1.000000 1.000000 1.000000 20.000000 1.000000 0.000000 0.000000 0.000000 0.000000 0.000000 0.000000 0.000000 800.000000 2.000000 1.000000 20.000000 1.000000 0.000000 0.000000 0.000000 200.000000 2.000000 200.000000 0.000000 1.000000 1.000000 1.000000 20.000000 1.000000 0.000000 0.000000 0.000000 0.000000 0.000000 0.000000 0.000000 
19:06:51.942 800.000000 2.000000 1.000000 20.000000 1.000000 0.000000 0.000000 0.000000 200.000000 2.000000 200.000000 0.000000 1.000000 1.000000 1.000000 20.000000 1.000000 0.000000 0.000000 0.000000 0.000000 0.000000 0.000000 0.000000 1.000000 1.000000 1.000000 20.000000 1.000000 0.000000 0.000000 0.000000 0.000000 0.000000 0.000000 0.000000 800.000000 2.000000 1.000000 20.000000 1.000000 0.000000 0.000000 0.000000 200.000000 2.000000 200.000000 0.000000 1.000000 1.000000 1.000000 20.000000 1.000000 0.000000 0.000000 0.000000 0.000000 0.000000 0.000000 0.000000 
19:07:21.942 800.000000 2.000000 1.000000 20.000000 1.000000 0.000000 0.000000 0.000000 200.000000 2.000000 200.000000 0.000000 1.000000 1.000000 1.000000 20.000000 1.000000 0.000000 0.000000 0.000000 0.000000 0.000000 0.000000 0.000000 1.000000 1.000000 1.000000 20.000000 1.000000 0.000000 0.000000 0.000000 0.000000 0.000000 0.000000 0.000000 800.000000 2.000000 1.000000 20.000000 1.000000 0.000000 0.000000 0.000000 200.000000 2.000000 200.000000 0.000000 1.000000 1.000000 1.000000 20.000000 1.000000 0.000000 0.000000 0.000000 0.000000 0.000000 0.000000 0.000000 
19:07:51.942 800.000000 2.000000 1.000000 20.000000 1.000000 0.000000 0.000000 0.000000 200.000000 2.000000 200.000000 0.000000 1.000000 1.000000 1.000000 20.000000 1.000000 0.000000 0.000000 0.000000 0.000000 0.000000 0.000000 0.000000 1.000000 1.000000 1.000000 20.000000 1.000000 0.000000 0.000000 0.000000 0.000000 0.000000 0.000000 0.000000 800.000000 2.000000 1.000000 20.000000 1.000000 0.000000 0.000000 0.000000 200.000000 2.000000 200.000000 0.000000 1.000000 1.000000 1.000000 20.000000 1.000000 0.000000 0.000000 0.000000 0.000000 0.000000 0.000000 0.000000 
19:08:21.942 800.000000 2.000000 1.000000 20.000000 1.000000 0.000000 0.000000 0.000000 200.000000 2.000000 200.000000 0.000000 1.000000 1.000000 1.000000 20.000000 1.000000 0.000000 0.000000 0.000000 0.000000 0.000000 0.000000 0.000000 1.000000 1.000000 1.000000 20.000000 1.000000 0.000000 0.000000 0.000000 0.000000 0.000000 0.000000 0.000000 800.000000 2.000000 1.000000 20.000000 1.000000 0.000000 0.000000 0.000000 200.000000 2.000000 200.000000 0.000000 1.000000 1.000000 1.000000 20.000000 1.000000 0.000000 0.000000 0.000000 0.000000 0.000000 0.000000 0.000000 
19:08:51.942 800.000000 2.000000 1.000000 20.000000 1.000000 0.000000 0.000000 0.000000 200.000000 2.000000 200.000000 0.000000 1.000000 1.000000 1.000000 20.000000 1.000000 0.000000 0.000000 0.000000 0.000000 0.000000 0.000000 0.000000 1.000000 1.000000 1.000000 20.000000 1.000000 0.000000 0.000000 0.000000 0.000000 0.000000 0.000000 0.000000 800.000000 2.000000 1.000000 20.000000 1.000000 0.000000 0.000000 0.000000 200.000000 2.000000 200.000000 0.000000 1.000000 1.000000 1.000000 20.000000 1.000000 0.000000 0.000000 0.000000 0.000000 0.000000 0.000000 0.000000 
19:09:21.942 800.000000 2.000000 1.000000 20.000000 1.000000 0.000000 0.000000 0.000000 200.000000 2.000000 200.000000 0.000000 1.000000 1.000000 1.000000 20.000000 1.000000 0.000000 0.000000 0.000000 0.000000 0.000000 0.000000 0.000000 1.000000 1.000000 1.000000 20.000000 1.000000 0.000000 0.000000 0.000000 0.000000 0.000000 0.000000 0.000000 800.000000 2.000000 1.000000 20.000000 1.000000 0.000000 0.000000 0.000000 200.000000 2.000000 200.000000 0.000000 1.000000 1.000000 1.000000 20.000000 1.000000 0.000000 0.000000 0.000000 0.000000 0.000000 0.000000 0.000000 
19:09:51.942 800.000000 2.000000 1.000000 20.000000 1.000000 0.000000 0.000000 0.000000 200.000000 2.000000 200.000000 0.000000 1.000000 1.000000 1.000000 20.000000 1.000000 0.000000 0.000000 0.000000 0.000000 0.000000 0.000000 0.000000 1.000000 1.000000 1.000000 20.000000 1.000000 0.000000 0.000000 0.000000 0.000000 0.000000 0.000000 0.000000 800.000000 2.000000 1.000000 20.000000 1.000000 0.000000 0.000000 0.000000 200.000000 2.000000 200.000000 0.000000 1.000000 1.000000 1.000000 20.000000 1.000000 0.000000 0.000000 0.000000 0.000000 0.000000 0.000000 0.000000 
19:10:21.942 800.000000 2.000000 1.000000 20.000000 1.000000 0.000000 0.000000 0.000000 200.000000 2.000000 200.000000 0.000000 1.000000 1.000000 1.000000 20.000000 1.000000 0.000000 0.000000 0.000000 0.000000 0.000000 0.000000 0.000000 1.000000 1.000000 1.000000 20.000000 1.000000 0.000000 0.000000 0.000000 0.000000 0.000000 0.000000 0.000000 800.000000 2.000000 1.000000 20.000000 1.000000 0.000000 0.000000 0.000000 200.000000 2.000000 200.000000 0.000000 1.000000 1.000000 1.000000 20.000000 1.000000 0.000000 0.000000 0.000000 0.000000 0.000000 0.000000 0.000000 
19:10:51.942 800.000000 2.000000 1.000000 20.000000 1.000000 0.000000 0.000000 0.000000 200.000000 2.000000 200.000000 0.000000 1.000000 1.000000 1.000000 20.000000 1.000000 0.000000 0.000000 0.000000 0.000000 0.000000 0.000000 0.000000 1.000000 1.000000 1.000000 20.000000 1.000000 0.000000 0.000000 0.000000 0.000000 0.000000 0.000000 0.000000 800.000000 2.000000 1.000000 20.000000 1.000000 0.000000 0.000000 0.000000 200.000000 2.000000 200.000000 0.000000 1.000000 1.000000 1.000000 20.000000 1.000000 0.000000 0.000000 0.000000 0.000000 0.000000 0.000000 0.000000 
19:11:21.942 800.000000 2.000000 1.000000 20.000000 1.000000 0.000000 0.000000 0.000000 200.000000 2.000000 200.000000 0.000000 1.000000 1.000000 1.000000 20.000000 1.000000 0.000000 0.000000 0.000000 0.000000 0.000000 0.000000 0.000000 1.000000 1.000000 1.000000 20.000000 1.000000 0.000000 0.000000 0.000000 0.000000 0.000000 0.000000 0.000000 800.000000 2.000000 1.000000 20.000000 1.000000 0.000000 0.000000 0.000000 200.000000 2.000000 200.000000 0.000000 1.000000 1.000000 1.000000 20.000000 1.000000 0.000000 0.000000 0.000000 0.000000 0.000000 0.000000 0.000000 
19:11:51.942 800.000000 2.000000 1.000000 20.000000 1.000000 0.000000 0.000000 0.000000 200.000000 2.000000 200.000000 0.000000 1.000000 1.000000 1.000000 20.000000 1.000000 0.000000 0.000000 0.000000 0.000000 0.000000 0.000000 0.000000 1.000000 1.000000 1.000000 20.000000 1.000000 0.000000 0.000000 0.000000 0.000000 0.000000 0.000000 0.000000 800.000000 2.000000 1.000000 20.000000 1.000000 0.000000 0.000000 0.000000 200.000000 2.000000 200.000000 0.000000 1.000000 1.000000 1.000000 20.000000 1.000000 0.000000 0.000000 0.000000 0.000000 0.000000 0.000000 0.000000 
19:12:21.942 800.000000 2.000000 1.000000 20.000000 1.000000 0.000000 0.000000 0.000000 200.000000 2.000000 200.000000 0.000000 1.000000 1.000000 1.000000 20.000000 1.000000 0.000000 0.000000 0.000000 0.000000 0.000000 0.000000 0.000000 1.000000 1.000000 1.000000 20.000000 1.000000 0.000000 0.000000 0.000000 0.000000 0.000000 0.000000 0.000000 800.000000 2.000000 1.000000 20.000000 1.000000 0.000000 0.000000 0.000000 200.000000 2.000000 200.000000 0.000000 1.000000 1.000000 1.000000 20.000000 1.000000 0.000000 0.000000 0.000000 0.000000 0.000000 0.000000 0.000000 
15:12:31.637 800.000000 2.000000 1.000000 20.000000 1.000000 0.000000 0.000000 0.000000 200.000000 2.000000 200.000000 0.000000 1.000000 1.000000 1.000000 20.000000 1.000000 0.000000 0.000000 0.000000 0.000000 0.000000 0.000000 0.000000 1.000000 1.000000 1.000000 20.000000 1.000000 0.000000 0.000000 0.000000 0.000000 0.000000 0.000000 0.000000 800.000000 2.000000 1.000000 20.000000 1.000000 0.000000 0.000000 0.000000 200.000000 2.000000 200.000000 0.000000 1.000000 1.000000 1.000000 20.000000 1.000000 0.000000 0.000000 0.000000 0.000000 0.000000 0.000000 0.000000 
15:13:01.637 800.000000 2.000000 1.000000 20.000000 1.000000 0.000000 0.000000 0.000000 200.000000 2.000000 200.000000 0.000000 1.000000 1.000000 1.000000 20.000000 1.000000 0.000000 0.000000 0.000000 0.000000 0.000000 0.000000 0.000000 1.000000 1.000000 1.000000 20.000000 1.000000 0.000000 0.000000 0.000000 0.000000 0.000000 0.000000 0.000000 800.000000 2.000000 1.000000 20.000000 1.000000 0.000000 0.000000 0.000000 200.000000 2.000000 200.000000 0.000000 1.000000 1.000000 1.000000 20.000000 1.000000 0.000000 0.000000 0.000000 0.000000 0.000000 0.000000 0.000000 
15:13:31.637 800.000000 2.000000 1.000000 20.000000 1.000000 0.000000 0.000000 0.000000 200.000000 2.000000 200.000000 0.000000 1.000000 1.000000 1.000000 20.000000 1.000000 0.000000 0.000000 0.000000 0.000000 0.000000 0.000000 0.000000 1.000000 1.000000 1.000000 20.000000 1.000000 0.000000 0.000000 0.000000 0.000000 0.000000 0.000000 0.000000 800.000000 2.000000 1.000000 20.000000 1.000000 0.000000 0.000000 0.000000 200.000000 2.000000 200.000000 0.000000 1.000000 1.000000 1.000000 20.000000 1.000000 0.000000 0.000000 0.000000 0.000000 0.000000 0.000000 0.000000 
15:14:01.637 800.000000 2.000000 1.000000 20.000000 1.000000 0.000000 0.000000 0.000000 200.000000 2.000000 200.000000 0.000000 1.000000 1.000000 1.000000 20.000000 1.000000 0.000000 0.000000 0.000000 0.000000 0.000000 0.000000 0.000000 1.000000 1.000000 1.000000 20.000000 1.000000 0.000000 0.000000 0.000000 0.000000 0.000000 0.000000 0.000000 800.000000 2.000000 1.000000 20.000000 1.000000 0.000000 0.000000 0.000000 200.000000 2.000000 200.000000 0.000000 1.000000 1.000000 1.000000 20.000000 1.000000 0.000000 0.000000 0.000000 0.000000 0.000000 0.000000 0.000000 
15:14:31.637 800.000000 2.000000 1.000000 20.000000 1.000000 0.000000 0.000000 0.000000 200.000000 2.000000 200.000000 0.000000 1.000000 1.000000 1.000000 20.000000 1.000000 0.000000 0.000000 0.000000 0.000000 0.000000 0.000000 0.000000 1.000000 1.000000 1.000000 20.000000 1.000000 0.000000 0.000000 0.000000 0.000000 0.000000 0.000000 0.000000 800.000000 2.000000 1.000000 20.000000 1.000000 0.000000 0.000000 0.000000 200.000000 2.000000 200.000000 0.000000 1.000000 1.000000 1.000000 20.000000 1.000000 0.000000 0.000000 0.000000 0.000000 0.000000 0.000000 0.000000 
15:15:01.637 800.000000 2.000000 1.000000 20.000000 1.000000 0.000000 0.000000 0.000000 200.000000 2.000000 200.000000 0.000000 1.000000 1.000000 1.000000 20.000000 1.000000 0.000000 0.000000 0.000000 0.000000 0.000000 0.000000 0.000000 1.000000 1.000000 1.000000 20.000000 1.000000 0.000000 0.000000 0.000000 0.000000 0.000000 0.000000 0.000000 800.000000 2.000000 1.000000 20.000000 1.000000 0.000000 0.000000 0.000000 200.000000 2.000000 200.000000 0.000000 1.000000 1.000000 1.000000 20.000000 1.000000 0.000000 0.000000 0.000000 0.000000 0.000000 0.000000 0.000000 
15:15:31.637 800.000000 2.000000 1.000000 20.000000 1.000000 0.000000 0.000000 0.000000 200.000000 2.000000 200.000000 0.000000 1.000000 1.000000 1.000000 20.000000 1.000000 0.000000 0.000000 0.000000 0.000000 0.000000 0.000000 0.000000 1.000000 1.000000 1.000000 20.000000 1.000000 0.000000 0.000000 0.000000 0.000000 0.000000 0.000000 0.000000 800.000000 2.000000 1.000000 20.000000 1.000000 0.000000 0.000000 0.000000 200.000000 2.000000 200.000000 0.000000 1.000000 1.000000 1.000000 20.000000 1.000000 0.000000 0.000000 0.000000 0.000000 0.000000 0.000000 0.000000 
