0.000000 664.837524 1023.299988 982.462524 392.587524 506.025024 755.587524 560.475037 456.112518 351.750000 841.799988 1331.849976 
0.000000 659.297180 1014.772522 974.275330 389.315948 501.808136 749.290955 555.804382 452.311584 348.818756 834.785034 1320.751221 
0.000000 659.343384 1014.843567 974.343567 389.343201 501.843292 749.343445 555.843323 452.343262 348.843201 834.843445 1320.843750 
0.000000 659.342957 1014.842957 974.342957 389.342987 501.842987 749.342957 555.842957 452.342987 348.842987 834.842957 1320.842896 
0.000000 659.343018 1014.843018 974.343018 389.342987 501.842987 749.343018 555.843018 452.342987 348.842987 834.843018 1320.842896 
0.000000 873.342957 861.305481 961.467957 353.780487 461.742981 763.692993 488.517975 394.092987 299.667969 751.636719 1203.605469 
0.000000 871.559631 862.584961 961.575256 354.076843 462.077148 763.573364 489.079010 394.578400 300.077759 752.330139 1204.582397 
0.000000 871.935120 862.934875 961.934998 354.434967 462.434967 763.934998 489.434937 394.934937 300.434937 752.684937 1204.934937 
0.000000 871.833862 862.833862 961.833862 354.333893 462.333893 763.833862 489.333893 394.833893 300.333893 752.583862 1204.833862 
0.000000 872.093140 863.093140 962.093140 354.593140 462.593140 764.093140 489.593140 395.093140 300.593140 752.843140 1205.093262 
0.000000 872.029541 863.029541 962.029541 354.529572 462.529572 764.029541 489.529572 395.029572 300.529572 752.779541 1205.029541 
0.000000 871.862793 862.862793 961.862793 354.362793 462.362793 763.862793 489.362793 394.862793 300.362793 752.612793 1204.862793 
0.000000 871.723206 862.723206 961.723206 354.223267 462.223267 763.723206 489.223267 394.723267 300.223267 752.473206 1204.723267 
0.000000 871.573120 862.573120 961.573120 354.073151 462.073151 763.573120 489.073151 394.573151 300.073151 752.323120 1204.573120 
