1 2 3 4 5 6 7 8 70 10 11 12 13 14 15 16 17 18 19 86 21 22 
1 2 3 4 5 70 7 8 9 10 11 86 13 14 15 16 17 18 19 20 21 22 
1 2 3 4 5 70 7 8 9 10 11 86 13 14 15 16 17 18 19 20 21 22 
1 2 3 4 5 70 7 8 9 10 11 86 13 14 15 16 17 18 19 20 21 22 
1 2 3 4 5 70 7 8 9 10 11 86 13 14 15 16 17 18 19 20 21 22 
1 2 3 4 5 68 7 8 9 10 11 86 13 14 15 16 17 18 19 20 21 22 
1 2 3 4 5 68 7 8 9 10 11 86 13 14 15 16 17 18 19 20 21 22 
1 2 3 4 5 69 7 8 9 10 11 86 13 14 15 16 17 18 19 20 21 22 
1 2 3 4 5 71 7 8 9 10 11 86 13 14 15 16 17 18 19 20 21 22 
1 2 3 4 5 69 7 8 9 10 11 86 13 14 15 16 17 18 19 20 21 22 
1 2 3 4 5 69 7 8 9 10 11 86 13 14 15 16 17 18 19 20 21 22 
1 2 3 4 5 69 7 8 9 10 11 86 13 14 15 16 17 18 19 20 21 22 
1 2 3 4 5 69 7 8 9 10 11 86 13 14 15 16 17 18 19 20 21 22 
1 2 3 4 5 68 7 8 9 10 11 86 13 14 15 16 17 18 19 20 21 22 
