0.000000 787.750000 674.312500 1400.312500 320.387512 560.875000 642.549988 515.500000 445.168762 374.837494 751.449951 1128.062500 
0.000000 781.185364 668.693176 1388.643188 317.717621 556.200989 637.195374 511.204193 441.459015 371.713867 745.187866 1118.661987 
0.000000 781.240112 668.740051 1388.740479 317.739868 556.239990 637.239990 511.239960 441.489929 371.739899 745.240051 1118.740234 
0.000000 481.989685 841.389648 1316.364624 277.127167 474.789673 746.364685 665.739685 475.745941 285.752167 704.627197 1123.502075 
0.000000 484.483429 839.950928 1316.967773 277.465607 475.468445 745.455322 664.452209 475.460449 286.468750 704.965637 1123.462402 
0.000000 484.606384 840.106689 1317.106567 277.606537 475.606506 745.606628 664.606628 475.606567 286.606506 705.106506 1123.606567 
0.000000 484.605377 840.105347 1317.105347 277.605377 475.605377 745.605347 664.605347 475.605377 286.605377 705.105347 1123.605347 
0.000000 484.934723 840.434692 1317.434692 277.934723 475.934723 745.934692 664.934692 475.934723 286.934723 705.434692 1123.934692 
0.000000 484.766754 840.266724 1317.266724 277.766754 475.766754 745.766724 664.766724 475.766754 286.766754 705.266724 1123.766724 
0.000000 485.093719 840.593689 1317.593750 278.093719 476.093719 746.093689 665.093689 476.093719 287.093719 705.593689 1124.093750 
0.000000 485.029541 840.529541 1317.529541 278.029541 476.029541 746.029541 665.029541 476.029541 287.029541 705.529541 1124.029541 
0.000000 484.862793 840.362793 1317.362793 277.862793 475.862793 745.862793 664.862793 475.862793 286.862793 705.362793 1123.862793 
0.000000 484.723267 840.223206 1317.223267 277.723267 475.723267 745.723206 664.723206 475.723267 286.723267 705.223206 1123.723267 
0.000000 725.266907 794.904358 1471.554443 332.229370 734.416870 655.029358 605.791870 541.573120 477.354370 802.835632 1128.316895 
0.000000 723.262329 795.282043 1470.268311 331.775146 732.261108 655.785156 606.282959 541.024353 475.765778 802.022217 1128.278687 
0.000000 723.279053 795.278870 1470.279053 331.778931 732.279053 655.778870 606.278870 541.028931 475.779022 802.028992 1128.278931 
0.000000 723.278931 795.278931 1470.278931 331.778900 732.278931 655.778931 606.278931 541.028931 475.778900 802.028931 1128.278931 
0.000000 723.278931 795.278931 1470.278931 331.778900 732.278931 655.778931 606.278931 541.028931 475.778900 802.028931 1128.278931 
0.000000 723.278931 795.278931 1470.278931 331.778900 732.278931 655.778931 606.278931 541.028931 475.778900 802.028931 1128.278931 
0.000000 723.278931 795.278931 1470.278931 331.778900 732.278931 655.778931 606.278931 541.028931 475.778900 802.028931 1128.278931 
0.000000 723.278931 795.278931 1470.278931 331.778900 732.278931 655.778931 606.278931 541.028931 475.778900 802.028931 1128.278931 
0.000000 723.278931 795.278931 1470.278931 331.778900 732.278931 655.778931 606.278931 541.028931 475.778900 802.028931 1128.278931 
0.000000 723.278931 795.278931 1470.278931 331.778900 732.278931 655.778931 606.278931 541.028931 475.778900 802.028931 1128.278931 
0.000000 727.622681 740.635193 1447.397583 372.422699 623.185181 651.047668 578.860168 490.922699 402.985199 754.191467 1105.397583 
0.000000 727.586487 741.090576 1447.588257 372.083984 624.094299 651.087097 579.088684 491.340240 403.591797 754.590088 1105.588257 
0.000000 727.586792 741.086731 1447.586670 372.086823 624.086731 651.086792 579.086792 491.336761 403.586761 754.586792 1105.586670 
0.000000 727.586792 741.086792 1447.586670 372.086792 624.086792 651.086792 579.086792 491.336792 403.586792 754.586792 1105.586670 
0.000000 727.586792 741.086792 1447.586670 372.086792 624.086792 651.086792 579.086792 491.336792 403.586792 754.586792 1105.586670 
0.000000 727.586792 741.086792 1447.586670 372.086792 624.086792 651.086792 579.086792 491.336792 403.586792 754.586792 1105.586670 
0.000000 727.586792 741.086792 1447.586670 372.086792 624.086792 651.086792 579.086792 491.336792 403.586792 754.586792 1105.586670 
0.000000 727.586792 741.086792 1447.586670 372.086792 624.086792 651.086792 579.086792 491.336792 403.586792 754.586792 1105.586670 
0.000000 727.586792 741.086792 1447.586670 372.086792 624.086792 651.086792 579.086792 491.336792 403.586792 754.586792 1105.586670 
0.000000 727.586792 741.086792 1447.586670 372.086792 624.086792 651.086792 579.086792 491.336792 403.586792 754.586792 1105.586670 
0.000000 836.474304 781.911804 1461.186768 326.699280 605.924255 637.461792 638.061768 500.399292 362.736786 790.874268 1219.011719 
0.000000 835.566895 781.571594 1461.073486 327.077515 606.075623 637.575317 637.570312 500.323761 363.077179 790.571899 1218.066528 
0.000000 835.574463 781.574402 1461.074341 327.074341 606.074341 637.574402 637.574402 500.324371 363.074371 790.574402 1218.074463 
0.000000 835.574402 781.574402 1461.074341 327.074371 606.074402 637.574402 637.574402 500.324371 363.074371 790.574402 1218.074341 
0.000000 835.574402 781.574402 1461.074341 327.074371 606.074402 637.574402 637.574402 500.324371 363.074371 790.574402 1218.074341 
0.000000 835.574402 781.574402 1461.074341 327.074371 606.074402 637.574402 637.574402 500.324371 363.074371 790.574402 1218.074341 
0.000000 835.574402 781.574402 1461.074341 327.074371 606.074402 637.574402 637.574402 500.324371 363.074371 790.574402 1218.074341 
0.000000 835.574402 781.574402 1461.074341 327.074371 606.074402 637.574402 637.574402 500.324371 363.074371 790.574402 1218.074341 
0.000000 835.574402 781.574402 1461.074341 327.074371 606.074402 637.574402 637.574402 500.324371 363.074371 790.574402 1218.074341 
0.000000 835.574402 781.574402 1461.074341 327.074371 606.074402 637.574402 637.574402 500.324371 363.074371 790.574402 1218.074341 
0.000000 690.480652 822.518127 1538.318115 327.180634 510.893127 619.530640 524.243164 470.936890 417.630646 783.874390 1150.118042 
0.000000 691.689758 822.176941 1537.674438 327.179749 511.686340 619.681030 525.187561 471.181793 417.175995 783.930237 1150.684326 
0.000000 691.679688 822.179810 1537.679688 327.179779 511.679688 619.679749 525.179688 471.179749 417.179810 783.929749 1150.679688 
0.000000 691.679749 822.179749 1537.679688 327.179779 511.679749 619.679749 525.179749 471.179779 417.179779 783.929749 1150.679688 
0.000000 691.679749 822.179749 1537.679688 327.179779 511.679749 619.679749 525.179749 471.179779 417.179779 783.929749 1150.679688 
0.000000 691.679749 822.179749 1537.679688 327.179779 511.679749 619.679749 525.179749 471.179779 417.179779 783.929749 1150.679688 
0.000000 691.679749 822.179749 1537.679688 327.179779 511.679749 619.679749 525.179749 471.179779 417.179779 783.929749 1150.679688 
0.000000 691.679749 822.179749 1537.679688 327.179779 511.679749 619.679749 525.179749 471.179779 417.179779 783.929749 1150.679688 
0.000000 691.679749 822.179749 1537.679688 327.179779 511.679749 619.679749 525.179749 471.179779 417.179779 783.929749 1150.679688 
0.000000 691.679749 822.179749 1537.679688 327.179779 511.679749 619.679749 525.179749 471.179779 417.179779 783.929749 1150.679688 
0.000000 573.717285 813.117249 1437.867310 349.879761 566.142273 637.842285 389.067261 382.710999 376.354736 740.835999 1105.317261 
0.000000 574.700317 813.192810 1438.699097 349.690582 565.688416 637.690918 390.201508 383.448242 376.694946 741.195129 1105.695312 
0.000000 574.692078 813.192139 1438.692139 349.692169 565.692200 637.692200 390.192078 383.442078 376.692108 741.192139 1105.692139 
0.000000 574.692200 813.192200 1438.692139 349.692139 565.692200 637.692200 390.192139 383.442139 376.692139 741.192200 1105.692139 
0.000000 574.692200 813.192200 1438.692139 349.692139 565.692200 637.692200 390.192139 383.442139 376.692139 741.192200 1105.692139 
0.000000 574.692200 813.192200 1438.692139 349.692139 565.692200 637.692200 390.192139 383.442139 376.692139 741.192200 1105.692139 
0.000000 574.692200 813.192200 1438.692139 349.692139 565.692200 637.692200 390.192139 383.442139 376.692139 741.192200 1105.692139 
0.000000 574.692200 813.192200 1438.692139 349.692139 565.692200 637.692200 390.192139 383.442139 376.692139 741.192200 1105.692139 
0.000000 574.692200 813.192200 1438.692139 349.692139 565.692200 637.692200 390.192139 383.442139 376.692139 741.192200 1105.692139 
0.000000 574.692200 813.192200 1438.692139 349.692139 565.692200 637.692200 390.192139 383.442139 376.692139 741.192200 1105.692139 
0.000000 611.286438 795.336426 1257.486450 177.561417 475.236420 660.673950 463.086426 435.917664 408.748932 777.786438 1146.823975 
0.000000 610.770081 795.273865 1258.785156 221.584915 475.778900 660.271057 462.267639 435.269043 408.270447 777.270081 1146.269775 
0.000000 610.937866 795.437805 1258.937744 191.715851 475.937805 660.437866 462.437927 435.437897 408.437897 777.437866 1146.437866 
0.000000 610.769104 795.269104 1258.769165 222.176102 475.769104 660.269104 462.269104 435.269104 408.269104 777.269104 1146.269165 
0.000000 610.918884 795.418884 1258.918823 191.408188 475.918884 660.418884 462.418884 435.418884 408.418884 777.418884 1146.418823 
0.000000 610.833862 795.333862 1258.833862 210.519196 475.833862 660.333862 462.333862 435.333862 408.333862 777.333862 1146.333862 
0.000000 610.989868 795.489868 1258.989868 178.725830 475.989868 660.489868 462.489868 435.489868 408.489868 777.489868 1146.489868 
0.000000 610.830505 795.330505 1258.830566 211.120163 475.830536 660.330505 462.330536 435.330536 408.330536 777.330505 1146.330566 
0.000000 610.993835 795.493835 1258.993774 178.724716 475.993805 660.493835 462.493805 435.493805 408.493805 777.493835 1146.493774 
0.000000 610.842834 795.342834 1258.842896 178.845108 475.842865 660.342834 462.342865 435.342865 408.342865 777.342834 1146.342896 
0.000000 774.160706 926.898254 1276.960815 260.485748 552.948242 746.523254 480.460754 412.623260 344.785767 750.085754 1155.385742 
0.000000 772.861145 925.863342 1276.871216 259.866760 552.367065 745.866455 480.371155 412.873962 345.376770 750.374268 1155.371826 
0.000000 772.868347 925.868347 1276.868286 259.868286 552.368347 745.868347 480.368256 412.868225 345.368225 750.368286 1155.368286 
0.000000 772.871948 925.871948 1276.871948 259.871918 552.371948 745.871948 480.371918 412.871918 345.371918 750.371948 1155.371948 
0.000000 772.871887 925.871887 1276.871948 259.871887 552.371887 745.871887 480.371887 412.871887 345.371887 750.371887 1155.371948 
0.000000 772.871887 925.871887 1276.871948 259.871887 552.371887 745.871887 480.371887 412.871887 345.371887 750.371887 1155.371948 
0.000000 772.871887 925.871887 1276.871948 259.871887 552.371887 745.871887 480.371887 412.871887 345.371887 750.371887 1155.371948 
0.000000 772.856079 925.856079 1276.856079 259.856079 552.356079 745.856079 480.356079 412.856079 345.356079 750.356079 1155.356079 
0.000000 772.872009 925.872009 1276.872070 259.872009 552.372009 745.872009 480.372009 412.872009 345.372009 750.372009 1155.372070 
0.000000 772.825500 925.825500 1276.825439 259.825500 552.325500 745.825500 480.325500 412.825500 345.325500 750.325500 1155.325439 
0.000000 591.278503 884.941040 1281.316040 345.991028 525.053528 559.741028 421.291016 365.134766 308.978516 745.741028 1182.503540 
0.000000 592.791443 885.281738 1281.278687 345.272980 525.280762 561.291748 421.782990 365.532196 309.281403 745.779236 1182.277100 
0.000000 592.778809 885.278870 1281.278931 345.278961 525.278870 561.278809 421.778870 365.528900 309.278900 745.778931 1182.278931 
0.000000 592.778931 885.278931 1281.278931 345.278900 525.278931 561.278931 421.778900 365.528900 309.278900 745.778931 1182.278931 
0.000000 592.778931 885.278931 1281.278931 345.278900 525.278931 561.278931 421.778900 365.528900 309.278900 745.778931 1182.278931 
0.000000 592.778931 885.278931 1281.278931 345.278900 525.278931 561.278931 421.778900 365.528900 309.278900 745.778931 1182.278931 
0.000000 592.778931 885.278931 1281.278931 345.278900 525.278931 561.278931 421.778900 365.528900 309.278900 745.778931 1182.278931 
0.000000 592.778931 885.278931 1281.278931 345.278900 525.278931 561.278931 421.778900 365.528900 309.278900 745.778931 1182.278931 
0.000000 592.778931 885.278931 1281.278931 345.278900 525.278931 561.278931 421.778900 365.528900 309.278900 745.778931 1182.278931 
0.000000 592.778931 885.278931 1281.278931 345.278900 525.278931 561.278931 421.778900 365.528900 309.278900 745.778931 1182.278931 
0.000000 674.260193 871.472717 1135.885132 272.485199 661.210205 638.222717 544.097717 435.666443 327.235199 684.328918 1041.422607 
0.000000 673.581177 871.587769 1137.096802 273.091797 660.077454 637.581482 543.078369 435.081970 327.085541 684.841003 1042.596436 
0.000000 673.586853 871.586792 1137.086670 273.086761 660.086853 637.586853 543.086853 435.086823 327.086792 684.836731 1042.586670 
0.000000 673.586792 871.586792 1137.086670 273.086792 660.086792 637.586792 543.086792 435.086792 327.086792 684.836792 1042.586670 
0.000000 673.586792 871.586792 1137.086670 273.086792 660.086792 637.586792 543.086792 435.086792 327.086792 684.836792 1042.586670 
0.000000 673.586792 871.586792 1137.086670 273.086792 660.086792 637.586792 543.086792 435.086792 327.086792 684.836792 1042.586670 
0.000000 673.586792 871.586792 1137.086670 273.086792 660.086792 637.586792 543.086792 435.086792 327.086792 684.836792 1042.586670 
0.000000 673.586792 871.586792 1137.086670 273.086792 660.086792 637.586792 543.086792 435.086792 327.086792 684.836792 1042.586670 
0.000000 673.586792 871.586792 1137.086670 273.086792 660.086792 637.586792 543.086792 435.086792 327.086792 684.836792 1042.586670 
0.000000 673.586792 871.586792 1137.086670 273.086792 660.086792 637.586792 543.086792 435.086792 327.086792 684.836792 1042.586670 
0.000000 632.674255 730.849304 1168.774292 313.849274 542.036804 664.736755 443.186768 391.905518 340.624268 646.193054 951.761780 
0.000000 633.015198 732.022095 1168.510254 313.509583 543.020508 664.510498 444.019287 392.265381 340.511475 646.515076 952.518677 
0.000000 633.012390 732.012329 1168.512451 313.512421 543.012329 664.512390 444.012329 392.262360 340.512390 646.512390 952.512329 
0.000000 633.012390 732.012390 1168.512451 313.512390 543.012390 664.512390 444.012390 392.262390 340.512390 646.512390 952.512390 
0.000000 633.012390 732.012390 1168.512451 313.512390 543.012390 664.512390 444.012390 392.262390 340.512390 646.512390 952.512390 
0.000000 633.012390 732.012390 1168.512451 313.512390 543.012390 664.512390 444.012390 392.262390 340.512390 646.512390 952.512390 
0.000000 633.012390 732.012390 1168.512451 313.512390 543.012390 664.512390 444.012390 392.262390 340.512390 646.512390 952.512390 
0.000000 633.012390 732.012390 1168.512451 313.512390 543.012390 664.512390 444.012390 392.262390 340.512390 646.512390 952.512390 
0.000000 633.012390 732.012390 1168.512451 313.512390 543.012390 664.512390 444.012390 392.262390 340.512390 646.512390 952.512390 
0.000000 633.012390 732.012390 1168.512451 313.512390 543.012390 664.512390 444.012390 392.262390 340.512390 646.512390 952.512390 
0.000000 565.231140 804.893677 1087.118652 277.493652 543.293640 551.356140 353.543640 324.481140 295.418640 678.556152 1061.693604 
0.000000 565.796021 804.286316 1087.796875 277.793793 543.291321 552.299133 354.297546 325.045990 295.794434 678.289124 1060.783813 
0.000000 565.772400 804.272522 1087.772461 277.772430 543.272461 552.272400 354.272400 325.022430 295.772430 678.272461 1060.772583 
0.000000 565.791504 804.291504 1087.791504 277.791473 543.291504 552.291504 354.291473 325.041473 295.791473 678.291504 1060.791504 
0.000000 565.791321 804.291321 1087.791382 277.791321 543.291321 552.291321 354.291321 325.041321 295.791321 678.291321 1060.791382 
0.000000 565.765259 804.265259 1087.765259 277.765259 543.265259 552.265259 354.265259 325.015259 295.765259 678.265259 1060.765259 
0.000000 565.791565 804.291565 1087.791504 277.791534 543.291565 552.291565 354.291534 325.041534 295.791534 678.291565 1060.791504 
0.000000 565.771484 804.271484 1087.771606 277.771484 543.271484 552.271484 354.271484 325.021484 295.771484 678.271484 1060.771606 
