0.000000 728.049988 877.787537 1068.362427 473.950012 505.712524 977.612488 555.625000 448.993774 342.362518 800.650024 1258.937500 
0.000000 721.982910 870.472595 1059.459473 470.000427 501.498230 969.465759 550.994812 445.252136 339.509491 793.977905 1248.446289 
0.000000 722.033508 870.533569 1059.533569 470.033356 501.533356 969.533630 551.033386 445.283325 339.533264 794.033508 1248.533691 
0.000000 722.033081 870.533081 1059.532959 470.033081 501.533081 969.533081 551.033081 445.283081 339.533081 794.033081 1248.532959 
0.000000 722.033081 870.533081 1059.532959 470.033081 501.533081 969.533081 551.033081 445.283081 339.533081 794.033081 1248.532959 
0.000000 723.089294 871.589294 1060.589233 471.089325 502.589325 970.589294 552.089294 446.339325 340.589325 795.089294 1249.589233 
0.000000 705.030518 1003.268005 1033.455444 430.343018 602.505493 884.468018 697.380493 582.555542 467.730530 985.755493 1500.755493 
0.000000 705.435364 1002.425049 1033.935913 430.936890 601.927246 885.440002 696.424072 581.674744 466.925354 984.420959 1498.916748 
0.000000 705.266724 1002.266846 1033.766724 430.766724 601.766785 885.266724 696.266846 581.516846 466.766815 984.266846 1498.766846 
0.000000 705.593689 1002.593689 1034.093750 431.093719 602.093689 885.593689 696.593689 581.843689 467.093719 984.593689 1499.093750 
0.000000 705.529541 1002.529541 1034.029541 431.029541 602.029541 885.529541 696.529541 581.779541 467.029541 984.529541 1499.029541 
0.000000 705.362793 1002.362793 1033.862793 430.862793 601.862793 885.362793 696.362793 581.612793 466.862793 984.362793 1498.862793 
0.000000 705.223206 1002.223206 1033.723267 430.723267 601.723206 885.223206 696.223206 581.473206 466.723267 984.223206 1498.723267 
0.000000 705.179382 1002.179382 1033.679321 430.679413 601.679382 885.179382 696.179382 581.429382 466.679413 984.179382 1498.679321 
0.000000 705.179749 1002.179749 1033.679688 430.679779 601.679749 885.179749 696.179749 581.429749 466.679779 984.179749 1498.679688 
0.000000 705.179749 1002.179749 1033.679688 430.679779 601.679749 885.179749 696.179749 581.429749 466.679779 984.179749 1498.679688 
0.000000 628.079712 1115.654785 1092.704834 376.267242 597.179749 907.904724 564.629761 474.835999 385.042236 913.885986 1442.754761 
