0.000000 705.924988 1041.699951 1291.262451 347.462524 724.075012 778.525024 574.337524 501.737518 429.137512 814.825012 1200.512451 
0.000000 700.042297 1033.019165 1280.501953 344.566986 718.041077 772.037292 569.551392 497.556366 425.561371 808.034790 1190.508179 
0.000000 700.091309 1033.091431 1280.591553 344.591125 718.091309 772.091370 569.591248 497.591217 425.591156 808.091370 1190.591553 
0.000000 700.090942 1033.090820 1280.590820 344.590912 718.090942 772.090942 569.590942 497.590912 425.590912 808.090942 1190.590820 
0.000000 700.090942 1033.090820 1280.590820 344.590912 718.090942 772.090942 569.590942 497.590912 425.590912 808.090942 1190.590820 
0.000000 750.578430 1128.953491 1263.015991 322.478394 646.065918 709.140930 538.403442 480.015900 421.628418 804.128418 1186.628418 
0.000000 750.157715 1128.154541 1263.162354 322.662689 646.666138 709.665527 538.663330 480.162354 421.661438 804.161438 1186.661499 
0.000000 750.434265 1128.434326 1263.434204 322.934235 646.934204 709.934204 538.934265 480.434235 421.934265 804.434265 1186.934204 
0.000000 750.266785 1128.266724 1263.266724 322.766754 646.766785 709.766785 538.766785 480.266754 421.766754 804.266785 1186.766724 
0.000000 750.593689 1128.593750 1263.593750 323.093719 647.093689 710.093689 539.093689 480.593719 422.093719 804.593689 1187.093750 
0.000000 750.529541 1128.529541 1263.529541 323.029541 647.029541 710.029541 539.029541 480.529541 422.029541 804.529541 1187.029541 
0.000000 750.362793 1128.362793 1263.362793 322.862793 646.862793 709.862793 538.862793 480.362793 421.862793 804.362793 1186.862793 
0.000000 750.223206 1128.223267 1263.223267 322.723267 646.723206 709.723206 538.723206 480.223267 421.723267 804.223206 1186.723267 
0.000000 750.160645 1128.160645 1263.160645 322.660645 646.660645 709.660645 538.660645 480.160645 421.660645 804.160645 1186.660645 
0.000000 750.161194 1128.161133 1263.161133 322.661163 646.661194 709.661194 538.661194 480.161163 421.661163 804.161194 1186.661133 
0.000000 664.011169 960.336182 1285.911133 359.023651 705.711182 664.348694 565.948669 534.673706 503.398651 860.942444 1218.486206 
0.000000 551.393677 807.561768 723.173645 340.672699 600.958618 760.115845 425.160828 341.477722 257.794586 669.996277 1082.197998 
0.000000 552.348816 808.851562 727.879761 340.842285 601.848267 759.334412 426.350739 343.104340 259.857941 671.604187 1083.350464 
0.000000 552.297241 808.797241 727.796997 340.797272 601.797241 759.297363 426.297211 343.047180 259.797150 671.547180 1083.297119 
0.000000 552.341248 808.841248 727.841248 340.841248 601.841248 759.341248 426.341248 343.091248 259.841248 671.591248 1083.341309 
0.000000 552.340881 808.840881 727.840881 340.840881 601.840881 759.340881 426.340881 343.090881 259.840881 671.590881 1083.340942 
0.000000 552.306335 808.806335 727.806335 340.806366 601.806335 759.306335 426.306366 343.056366 259.806366 671.556335 1083.306274 
0.000000 552.341187 808.841187 727.841187 340.841187 601.841187 759.341187 426.341187 343.091187 259.841187 671.591187 1083.341187 
0.000000 552.340881 808.840881 727.840881 340.840881 601.840881 759.340881 426.340881 343.090881 259.840881 671.590881 1083.340942 
0.000000 611.284607 763.422119 863.922119 395.247162 442.984680 754.759644 399.072174 361.197174 323.322174 775.909607 1228.497192 
0.000000 610.793457 763.800598 862.788147 394.793793 444.308472 754.797791 399.299408 361.046265 322.793152 775.040283 1227.287476 
0.000000 610.797546 763.797485 862.797546 394.797546 444.297424 754.797485 399.297516 361.047546 322.797577 775.047546 1227.297607 
0.000000 610.797485 763.797485 862.797485 394.797516 444.297516 754.797485 399.297516 361.047516 322.797516 775.047485 1227.297485 
0.000000 610.797485 763.797485 862.797485 394.797516 444.297516 754.797485 399.297516 361.047516 322.797516 775.047485 1227.297485 
0.000000 610.797485 763.797485 862.797485 394.797516 444.297516 754.797485 399.297516 361.047516 322.797516 775.047485 1227.297485 
0.000000 610.797485 763.797485 862.797485 394.797516 444.297516 754.797485 399.297516 361.047516 322.797516 775.047485 1227.297485 
0.000000 610.797485 763.797485 862.797485 394.797516 444.297516 754.797485 399.297516 361.047516 322.797516 775.047485 1227.297485 
0.000000 610.797485 763.797485 862.797485 394.797516 444.297516 754.797485 399.297516 361.047516 322.797516 775.047485 1227.297485 
0.000000 610.797485 763.797485 862.797485 394.797516 444.297516 754.797485 399.297516 361.047516 322.797516 775.047485 1227.297485 
0.000000 588.109985 609.522522 867.335022 299.510040 516.897522 673.122498 435.597534 376.928772 318.260040 725.135010 1132.010010 
0.000000 588.299072 610.808105 867.297180 300.304077 516.292480 673.803101 435.295013 376.796448 318.297852 725.550964 1132.804077 
0.000000 588.297485 610.797424 867.297485 300.297485 516.297546 673.797424 435.297546 376.797546 318.297516 725.547485 1132.797485 
0.000000 588.297485 610.797485 867.297485 300.297516 516.297485 673.797485 435.297516 376.797516 318.297516 725.547485 1132.797485 
0.000000 588.297485 610.797485 867.297485 300.297516 516.297485 673.797485 435.297516 376.797516 318.297516 725.547485 1132.797485 
0.000000 588.297485 610.797485 867.297485 300.297516 516.297485 673.797485 435.297516 376.797516 318.297516 725.547485 1132.797485 
0.000000 588.297485 610.797485 867.297485 300.297516 516.297485 673.797485 435.297516 376.797516 318.297516 725.547485 1132.797485 
0.000000 588.297485 610.797485 867.297485 300.297516 516.297485 673.797485 435.297516 376.797516 318.297516 725.547485 1132.797485 
0.000000 588.297485 610.797485 867.297485 300.297516 516.297485 673.797485 435.297516 376.797516 318.297516 725.547485 1132.797485 
0.000000 588.297485 610.797485 867.297485 300.297516 516.297485 673.797485 435.297516 376.797516 318.297516 725.547485 1132.797485 
0.000000 456.666260 665.203796 971.616272 309.328766 607.003784 687.366272 453.403778 401.710022 350.016266 798.103821 1246.191284 
0.000000 457.763184 664.750427 970.746948 309.253510 606.247925 687.253235 453.252869 401.502411 349.751953 797.499146 1245.246338 
0.000000 457.754059 664.754211 970.754211 309.254120 606.254211 687.254150 453.254150 401.504150 349.754150 797.504211 1245.254272 
0.000000 457.754120 664.754150 970.754150 309.254120 606.254150 687.254150 453.254120 401.504120 349.754120 797.504150 1245.254150 
0.000000 457.754120 664.754150 970.754150 309.254120 606.254150 687.254150 453.254120 401.504120 349.754120 797.504150 1245.254150 
0.000000 457.754120 664.754150 970.754150 309.254120 606.254150 687.254150 453.254120 401.504120 349.754120 797.504150 1245.254150 
0.000000 457.754120 664.754150 970.754150 309.254120 606.254150 687.254150 453.254120 401.504120 349.754120 797.504150 1245.254150 
0.000000 457.754120 664.754150 970.754150 309.254120 606.254150 687.254150 453.254120 401.504120 349.754120 797.504150 1245.254150 
0.000000 457.754120 664.754150 970.754150 309.254120 606.254150 687.254150 453.254120 401.504120 349.754120 797.504150 1245.254150 
0.000000 457.754120 664.754150 970.754150 309.254120 606.254150 687.254150 453.254120 401.504120 349.754120 797.504150 1245.254150 
0.000000 589.354126 760.054138 580.541626 309.266632 442.916626 691.804138 480.491638 410.591644 340.691650 693.154114 1045.616577 
0.000000 588.257446 759.259949 583.793396 309.266541 444.277771 691.766174 480.264648 410.515900 340.767151 694.023682 1047.280273 
0.000000 588.266602 759.266541 583.766296 309.266541 444.266449 691.766479 480.266541 410.516541 340.766541 694.016418 1047.266357 
0.000000 588.266479 759.266479 583.766479 309.266541 444.266541 691.766479 480.266541 410.516541 340.766541 694.016479 1047.266479 
0.000000 588.266479 759.266479 583.766479 309.266541 444.266541 691.766479 480.266541 410.516541 340.766541 694.016479 1047.266479 
0.000000 588.266479 759.266479 583.766479 309.266541 444.266541 691.766479 480.266541 410.516541 340.766541 694.016479 1047.266479 
0.000000 588.266479 759.266479 583.766479 309.266541 444.266541 691.766479 480.266541 410.516541 340.766541 694.016479 1047.266479 
0.000000 588.266479 759.266479 583.766479 309.266541 444.266541 691.766479 480.266541 410.516541 340.766541 694.016479 1047.266479 
0.000000 588.266479 759.266479 583.766479 309.266541 444.266541 691.766479 480.266541 410.516541 340.766541 694.016479 1047.266479 
0.000000 588.266479 759.266479 583.766479 309.266541 444.266541 691.766479 480.266541 410.516541 340.766541 694.016479 1047.266479 
0.000000 520.222778 695.760315 765.285278 318.360260 412.522766 669.097778 344.160278 349.279022 354.397766 660.004028 965.610291 
0.000000 520.789856 696.289551 763.772644 318.284485 412.787292 669.286682 345.294495 349.789337 354.284180 660.287476 966.290771 
0.000000 520.785095 696.285095 763.785278 318.285126 412.785095 669.285156 345.285034 349.785095 354.285126 660.285156 966.285095 
0.000000 520.765503 696.265503 763.765503 318.265472 412.765472 669.265503 345.265472 349.765472 354.265472 660.265503 966.265503 
0.000000 520.785339 696.285339 763.785339 318.285278 412.785278 669.285339 345.285278 349.785278 354.285278 660.285339 966.285339 
0.000000 520.785156 696.285156 763.785156 318.285126 412.785126 669.285156 345.285126 349.785126 354.285126 660.285156 966.285156 
0.000000 520.785156 696.285156 763.785156 318.285126 412.785126 669.285156 345.285126 349.785126 354.285126 660.285156 966.285156 
0.000000 520.785156 696.285156 763.785156 318.285126 412.785126 669.285156 345.285126 349.785126 354.285126 660.285156 966.285156 
0.000000 520.785156 696.285156 763.785156 318.285126 412.785126 669.285156 345.285126 349.785126 354.285126 660.285156 966.285156 
0.000000 520.785156 696.285156 763.785156 318.285126 412.785126 669.285156 345.285126 349.785126 354.285126 660.285156 966.285156 
0.000000 543.641296 610.241272 745.803772 241.316284 403.878784 637.691284 390.828796 331.803802 272.778778 610.541260 948.303772 
0.000000 543.366028 610.873535 745.868835 241.872894 403.868195 637.869812 390.364441 331.868835 273.373199 610.871033 948.368835 
0.000000 543.401733 610.901672 745.901672 241.901642 403.901672 637.901672 390.401703 331.901672 273.401642 610.901672 948.401672 
0.000000 543.484131 610.984131 745.984131 241.984161 403.984161 637.984131 390.484161 331.984161 273.484161 610.984131 948.484131 
0.000000 543.483459 610.983459 745.983459 241.983475 403.983459 637.983459 390.483459 331.983459 273.483459 610.983459 948.483459 
0.000000 543.483459 610.983459 745.983459 241.983475 403.983490 637.983459 390.483490 331.983490 273.483490 610.983459 948.483459 
0.000000 543.355164 610.855164 745.855164 241.855148 403.855164 637.855164 390.355164 331.855164 273.355164 610.855164 948.355164 
0.000000 543.433899 610.933899 745.933899 241.933899 403.933899 637.933899 390.433899 331.933899 273.433899 610.933899 948.433899 
0.000000 543.325012 610.825012 745.825012 241.824966 403.824982 637.825012 390.324982 331.824982 273.324982 610.825012 948.325012 
0.000000 543.484741 610.984741 745.984741 241.984802 403.984802 637.984741 390.484802 331.984802 273.484802 610.984741 948.484741 
0.000000 547.910828 728.848328 732.260803 223.723312 453.785828 719.548340 317.773315 272.885834 227.998306 613.142090 998.285828 
0.000000 547.788696 727.780884 732.289917 223.790268 453.285583 718.783386 318.294037 273.293091 228.292145 613.038818 997.785583 
0.000000 547.836487 727.836548 732.336487 223.836502 453.336548 718.836548 318.336456 273.336487 228.336487 613.086487 997.836548 
0.000000 547.947205 727.947205 732.447205 223.947189 453.447205 718.947205 318.447205 273.447205 228.447189 613.197205 997.947205 
0.000000 547.946289 727.946289 732.446289 223.946274 453.446259 718.946289 318.446259 273.446259 228.446274 613.196289 997.946289 
0.000000 547.946289 727.946289 732.446289 223.946274 453.446289 718.946289 318.446289 273.446289 228.446274 613.196289 997.946289 
0.000000 547.946289 727.946289 732.446289 223.946274 453.446289 718.946289 318.446289 273.446289 228.446274 613.196289 997.946289 
0.000000 547.916321 727.916321 732.416321 223.916290 453.416321 718.916321 318.416321 273.416321 228.416290 613.166321 997.916321 
0.000000 547.946228 727.946228 732.446228 223.946213 453.446228 718.946228 318.446228 273.446228 228.446213 613.196228 997.946228 
0.000000 5