15:52:50.705 1.000000 1.000000 1.000000 20.000000 1.000000 0.000000 0.000000 0.000000 0.000000 0.000000 0.000000 0.000000 1.000000 1.000000 1.000000 20.000000 1.000000 0.000000 0.000000 0.000000 0.000000 0.000000 0.000000 0.000000 1.000000 1.000000 1.000000 20.000000 1.000000 0.000000 0.000000 0.000000 0.000000 0.000000 0.000000 0.000000 1.000000 1.000000 1.000000 20.000000 1.000000 0.000000 0.000000 0.000000 0.000000 0.000000 0.000000 0.000000 1.000000 1.000000 1.000000 20.000000 1.000000 0.000000 0.000000 0.000000 0.000000 0.000000 0.000000 0.000000 
15:53:20.705 1.000000 1.000000 1.000000 20.000000 1.000000 0.000000 0.000000 0.000000 0.000000 0.000000 0.000000 0.000000 1.000000 1.000000 1.000000 20.000000 1.000000 0.000000 0.000000 0.000000 0.000000 0.000000 0.000000 0.000000 1.000000 1.000000 1.000000 20.000000 1.000000 0.000000 0.000000 0.000000 0.000000 0.000000 0.000000 0.000000 1.000000 1.000000 1.000000 20.000000 1.000000 0.000000 0.000000 0.000000 0.000000 0.000000 0.000000 0.000000 1.000000 1.000000 1.000000 20.000000 1.000000 0.000000 0.000000 0.000000 0.000000 0.000000 0.000000 0.000000 
15:53:50.705 800.000000 2.000000 1.000000 20.000000 1.000000 0.000000 0.000000 0.000000 200.000000 2.000000 200.000000 0.000000 1.000000 1.000000 1.000000 20.000000 1.000000 0.000000 0.000000 0.000000 0.000000 0.000000 0.000000 0.000000 1.000000 1.000000 1.000000 20.000000 1.000000 0.000000 0.000000 0.000000 0.000000 0.000000 0.000000 0.000000 1.000000 1.000000 1.000000 20.000000 1.000000 0.000000 0.000000 0.000000 0.000000 0.000000 0.000000 0.000000 800.000000 2.000000 1.000000 20.000000 1.000000 0.000000 0.000000 0.000000 200.000000 2.000000 200.000000 0.000000 
15:54:20.705 800.000000 2.000000 1.000000 20.000000 1.000000 0.000000 0.000000 0.000000 200.000000 2.000000 200.000000 0.000000 1.000000 1.000000 1.000000 20.000000 1.000000 0.000000 0.000000 0.000000 0.000000 0.000000 0.000000 0.000000 1.000000 1.000000 1.000000 20.000000 1.000000 0.000000 0.000000 0.000000 0.000000 0.000000 0.000000 0.000000 1.000000 1.000000 1.000000 20.000000 1.000000 0.000000 0.000000 0.000000 0.000000 0.000000 0.000000 0.000000 800.000000 2.000000 1.000000 20.000000 1.000000 0.000000 0.000000 0.000000 200.000000 2.000000 200.000000 0.000000 
15:54:50.705 800.000000 2.000000 1.000000 20.000000 1.000000 0.000000 0.000000 0.000000 200.000000 2.000000 200.000000 0.000000 1.000000 1.000000 1.000000 20.000000 1.000000 0.000000 0.000000 0.000000 0.000000 0.000000 0.000000 0.000000 1.000000 1.000000 1.000000 20.000000 1.000000 0.000000 0.000000 0.000000 0.000000 0.000000 0.000000 0.000000 1.000000 1.000000 1.000000 20.000000 1.000000 0.000000 0.000000 0.000000 0.000000 0.000000 0.000000 0.000000 800.000000 2.000000 1.000000 20.000000 1.000000 0.000000 0.000000 0.000000 200.000000 2.000000 200.000000 0.000000 
15:55:20.705 800.000000 2.000000 1.000000 20.000000 1.000000 0.000000 0.000000 0.000000 200.000000 2.000000 200.000000 0.000000 1.000000 1.000000 1.000000 20.000000 1.000000 0.000000 0.000000 0.000000 0.000000 0.000000 0.000000 0.000000 1.000000 1.000000 1.000000 20.000000 1.000000 0.000000 0.000000 0.000000 0.000000 0.000000 0.000000 0.000000 1.000000 1.000000 1.000000 20.000000 1.000000 0.000000 0.000000 0.000000 0.000000 0.000000 0.000000 0.000000 800.000000 2.000000 1.000000 20.000000 1.000000 0.000000 0.000000 0.000000 200.000000 2.000000 200.000000 0.000000 
15:55:50.705 800.000000 2.000000 1.000000 20.000000 1.000000 0.000000 0.000000 0.000000 200.000000 2.000000 200.000000 0.000000 800.000000 2.000000 1.000000 20.000000 1.000000 0.000000 0.000000 0.000000 200.000000 2.000000 200.000000 0.000000 800.000000 2.000000 1.000000 20.000000 1.000000 0.000000 0.000000 0.000000 200.000000 2.000000 200.000000 0.000000 800.000000 2.000000 1.000000 20.000000 1.000000 0.000000 0.000000 0.000000 200.000000 2.000000 200.000000 0.000000 800.000000 2.000000 1.000000 20.000000 1.000000 0.000000 0.000000 0.000000 200.000000 2.000000 200.000000 0.000000 
15:56:20.705 800.000000 2.000000 1.000000 20.000000 1.000000 0.000000 0.000000 0.000000 200.000000 2.000000 200.000000 0.000000 800.000000 2.000000 1.000000 20.000000 1.000000 0.000000 0.000000 0.000000 200.000000 2.000000 200.000000 0.000000 800.000000 2.000000 1.000000 20.000000 1.000000 0.000000 0.000000 0.000000 200.000000 2.000000 200.000000 0.000000 800.000000 2.000000 1.000000 20.000000 1.000000 0.000000 0.000000 0.000000 200.000000 2.000000 200.000000 0.000000 800.000000 2.000000 1.000000 20.000000 1.000000 0.000000 0.000000 0.000000 200.000000 2.000000 200.000000 0.000000 
15:56:50.705 800.000000 2.000000 1.000000 20.000000 1.000000 0.000000 0.000000 0.000000 200.000000 2.000000 200.000000 0.000000 800.000000 2.000000 1.000000 20.000000 1.000000 0.000000 0.000000 0.000000 200.000000 2.000000 200.000000 0.000000 800.000000 2.000000 1.000000 20.000000 1.000000 0.000000 0.000000 0.000000 200.000000 2.000000 200.000000 0.000000 800.000000 2.000000 1.000000 20.000000 1.000000 0.000000 0.000000 0.000000 200.000000 2.000000 200.000000 0.000000 800.000000 2.000000 1.000000 20.000000 1.000000 0.000000 0.000000 0.000000 200.000000 2.000000 200.000000 0.000000 
15:57:20.705 800.000000 2.000000 1.000000 20.000000 1.000000 0.000000 0.000000 0.000000 200.000000 2.000000 200.000000 0.000000 800.000000 2.000000 1.000000 20.000000 1.000000 0.000000 0.000000 0.000000 200.000000 2.000000 200.000000 0.000000 800.000000 2.000000 1.000000 20.000000 1.000000 0.000000 0.000000 0.000000 200.000000 2.000000 200.000000 0.000000 800.000000 2.000000 1.000000 20.000000 1.000000 0.000000 0.000000 0.000000 200.000000 2.000000 200.000000 0.000000 800.000000 2.000000 1.000000 20.000000 1.000000 0.000000 0.000000 0.000000 200.000000 2.000000 200.000000 0.000000 
15:57:50.705 800.000000 2.000000 1.000000 20.000000 1.000000 0.000000 0.000000 0.000000 200.000000 2.000000 200.000000 0.000000 800.000000 2.000000 1.000000 20.000000 1.000000 0.000000 0.000000 0.000000 200.000000 2.000000 200.000000 0.000000 800.000000 2.000000 1.000000 20.000000 1.000000 0.000000 0.000000 0.000000 200.000000 2.000000 200.000000 0.000000 800.000000 2.000000 1.000000 20.000000 1.000000 0.000000 0.000000 0.000000 200.000000 2.000000 200.000000 0.000000 800.000000 2.000000 1.000000 20.000000 1.000000 0.000000 0.000000 0.000000 200.000000 2.000000 200.000000 0.000000 
15:58:20.705 800.000000 2.000000 1.000000 20.000000 1.000000 0.000000 0.000000 0.000000 200.000000 2.000000 200.000000 0.000000 800.000000 2.000000 1.000000 20.000000 1.000000 0.000000 0.000000 0.000000 200.000000 2.000000 200.000000 0.000000 800.000000 2.000000 1.000000 20.000000 1.000000 0.000000 0.000000 0.000000 200.000000 2.000000 200.000000 0.000000 800.000000 2.000000 1.000000 20.000000 1.000000 0.000000 0.000000 0.000000 200.000000 2.000000 200.000000 0.000000 800.000000 2.000000 1.000000 20.000000 1.000000 0.000000 0.000000 0.000000 200.000000 2.000000 200.000000 0.000000 
15:58:50.705 800.000000 2.000000 1.000000 20.000000 1.000000 0.000000 0.000000 0.000000 200.000000 2.000000 200.000000 0.000000 800.000000 2.000000 1.000000 20.000000 1.000000 0.000000 0.000000 0.000000 200.000000 2.000000 200.000000 0.000000 800.000000 2.000000 1.000000 20.000000 1.000000 0.000000 0.000000 0.000000 200.000000 2.000000 200.000000 0.000000 800.000000 2.000000 1.000000 20.000000 1.000000 0.000000 0.000000 0.000000 200.000000 2.000000 200.000000 0.000000 800.000000 2.000000 1.000000 20.000000 1.000000 0.000000 0.000000 0.000000 200.000000 2.000000 200.000000 0.000000 
15:59:20.705 800.000000 2.000000 1.000000 20.000000 1.000000 0.000000 0.000000 0.000000 200.000000 2.000000 200.000000 0.000000 800.000000 2.000000 1.000000 20.000000 1.000000 0.000000 0.000000 0.000000 200.000000 2.000000 200.000000 0.000000 800.000000 2.000000 1.000000 20.000000 1.000000 0.000000 0.000000 0.000000 200.000000 2.000000 200.000000 0.000000 800.000000 2.000000 1.000000 20.000000 1.000000 0.000000 0.000000 0.000000 200.000000 2.000000 200.000000 0.000000 800.000000 2.000000 1.000000 20.000000 1.000000 0.000000 0.000000 0.000000 200.000000 2.000000 200.000000 0.000000 
15:59:50.705 800.000000 2.000000 1.000000 20.000000 1.000000 0.000000 0.000000 0.000000 200.000000 2.000000 200.000000 0.000000 800.000000 2.000000 1.000000 20.000000 1.000000 0.000000 0.000000 0.000000 200.000000 2.000000 200.000000 0.000000 800.000000 2.000000 1.000000 20.000000 1.000000 0.000000 0.000000 0.000000 200.000000 2.000000 200.000000 0.000000 800.000000 2.000000 1.000000 20.000000 1.000000 0.000000 0.000000 0.000000 200.000000 2.000000 200.000000 0.000000 800.000000 2.000000 1.000000 20.000000 1.000000 0.000000 0.000000 0.000000 200.000000 2.000000 200.000000 0.000000 
16:00:20.705 800.000000 2.000000 1.000000 20.000000 1.000000 0.000000 0.000000 0.000000 200.000000 2.000000 200.000000 0.000000 800.000000 2.000000 1.000000 20.000000 1.000000 0.000000 0.000000 0.000000 200.000000 2.000000 200.000000 0.000000 800.000000 2.000000 1.000000 20.000000 1.000000 0.000000 0.000000 0.000000 200.000000 2.000000 200.000000 0.000000 800.000000 2.000000 1.000000 20.000000 1.000000 0.000000 0.000000 0.000000 200.000000 2.000000 200.000000 0.000000 800.000000 2.000000 1.000000 20.000000 1.000000 0.000000 0.000000 0.000000 200.000000 2.000000 200.000000 0.000000 
20:01:11.011 800.000000 2.000000 1.000000 20.000000 1.000000 0.000000 0.000000 0.000000 200.000000 2.000000 200.000000 0.000000 800.000000 2.000000 1.000000 20.000000 1.000000 0.000000 0.000000 0.000000 200.000000 2.000000 200.000000 0.000000 800.000000 2.000000 1.000000 20.000000 1.000000 0.000000 0.000000 0.000000 200.000000 2.000000 200.000000 0.000000 800.000000 2.000000 1.000000 20.000000 1.000000 0.000000 0.000000 0.000000 200.000000 2.000000 200.000000 0.000000 800.000000 2.000000 1.000000 20.000000 1.000000 0.000000 0.000000 0.000000 200.000000 2.000000 200.000000 0.000000 
20:01:41.011 800.000000 2.000000 1.000000 20.000000 1.000000 0.000000 0.000000 0.000000 200.000000 2.000000 200.000000 0.000000 800.000000 2.000000 1.000000 20.000000 1.000000 0.000000 0.000000 0.000000 200.000000 2.000000 200.000000 0.000000 800.000000 2.000000 1.000000 20.000000 1.000000 0.000000 0.000000 0.000000 200.000000 2.000000 200.000000 0.000000 800.000000 2.000000 1.000000 20.000000 1.000000 0.000000 0.000000 0.000000 200.000000 2.000000 200.000000 0.000000 800.000000 2.000000 1.000000 20.000000 1.000000 0.000000 0.000000 0.000000 200.000000 2.000000 200.000000 0.000000 
20:02:11.011 800.000000 2.000000 1.000000 20.000000 1.000000 0.000000 0.000000 0.000000 200.000000 2.000000 200.000000 0.000000 800.000000 2.000000 1.000000 20.000000 1.000000 0.000000 0.000000 0.000000 200.000000 2.000000 200.000000 0.000000 800.000000 2.000000 1.000000 20.000000 1.000000 0.000000 0.000000 0.000000 200.000000 2.000000 200.000000 0.000000 800.000000 2.000000 1.000000 20.000000 1.000000 0.000000 0.000000 0.000000 200.000000 2.000000 200.000000 0.000000 800.000000 2.000000 1.000000 20.000000 1.000000 0.000000 0.000000 0.000000 200.000000 2.000000 200.000000 0.000000 
20:02:41.011 800.000000 2.000000 1.000000 20.000000 1.000000 0.000000 0.000000 0.000000 200.000000 2.000000 200.000000 0.000000 800.000000 2.000000 1.000000 20.000000 1.000000 0.000000 0.000000 0.000000 200.000000 2.000000 200.000000 0.000000 800.000000 2.000000 1.000000 20.000000 1.000000 0.000000 0.000000 0.000000 200.000000 2.000000 200.000000 0.000000 800.000000 2.000000 1.000000 20.000000 1.000000 0.000000 0.000000 0.000000 200.000000 2.000000 200.000000 0.000000 800.000000 2.000000 1.000000 20.000000 1.000000 0.000000 0.000000 0.000000 200.000000 2.000000 200.000000 0.000000 
20:03:11.011 800.000000 2.000000 1.000000 20.000000 1.000000 0.000000 0.000000 0.000000 200.000000 2.000000 200.000000 0.000000 800.000000 2.000000 1.000000 20.000000 1.000000 0.000000 0.000000 0.000000 200.000000 2.000000 200.000000 0.000000 800.000000 2.000000 1.000000 20.000000 1.000000 0.000000 0.000000 0.000000 200.000000 2.000000 200.000000 0.000000 800.000000 2.000000 1.000000 20.000000 1.000000 0.000000 0.000000 0.000000 200.000000 2.000000 200.000000 0.000000 800.000000 2.000000 1.000000 20.000000 1.000000 0.000000 0.000000 0.000000 200.000000 2.000000 200.000000 0.000000 
20:03:41.011 800.000000 2.000000 1.000000 20.000000 1.000000 0.000000 0.000000 0.000000 200.000000 2.000000 200.000000 0.000000 800.000000 2.000000 1.000000 20.000000 1.000000 0.000000 0.000000 0.000000 200.000000 2.000000 200.000000 0.000000 800.000000 2.000000 1.000000 20.000000 1.000000 0.000000 0.000000 0.000000 200.000000 2.000000 200.000000 0.000000 800.000000 2.000000 1.000000 20.000000 1.000000 0.000000 0.000000 0.000000 200.000000 2.000000 200.000000 0.000000 800.000000 2.000000 1.000000 20.000000 1.000000 0.000000 0.000000 0.000000 200.000000 2.000000 200.000000 0.000000 
20:04:11.011 800.000000 2.000000 1.000000 20.000000 1.000000 0.000000 0.000000 0.000000 200.000000 2.000000 200.000000 0.000000 800.000000 2.000000 1.000000 20.000000 1.000000 0.000000 0.000000 0.000000 200.000000 2.000000 200.000000 0.000000 800.000000 2.000000 1.000000 20.000000 1.000000 0.000000 0.000000 0.000000 200.000000 2.000000 200.000000 0.000000 800.000000 2.000000 1.000000 20.000000 1.000000 0.000000 0.000000 0.000000 200.000000 2.000000 200.000000 0.000000 800.000000 2.000000 1.000000 20.000000 1.000000 0.000000 0.000000 0.000000 200.000000 2.000000 200.000000 0.000000 
20:04:41.011 800.000000 2.000000 1.000000 20.000000 1.000000 0.000000 0.000000 0.000000 200.000000 2.000000 200.000000 0.000000 800.000000 2.000000 1.000000 20.000000 1.000000 0.000000 0.000000 0.000000 200.000000 2.000000 200.000000 0.000000 800.000000 2.000000 1.000000 20.000000 1.000000 0.000000 0.000000 0.000000 200.000000 2.000000 200.000000 0.000000 800.000000 2.000000 1.000000 20.000000 1.000000 0.000000 0.000000 0.000000 200.000000 2.000000 200.000000 0.000000 800.000000 2.000000 1.000000 20.000000 1.000000 0.000000 0.000000 0.000000 200.000000 2.000000 200.000000 0.000000 
20:05:11.011 800.000000 2.000000 1.000000 20.000000 1.000000 0.000000 0.000000 0.000000 200.000000 2.000000 200.000000 0.000000 800.000000 2.000000 1.000000 20.000000 1.000000 0.000000 0.000000 0.000000 200.000000 2.000000 200.000000 0.000000 800.000000 2.000000 1.000000 20.000000 1.000000 0.000000 0.000000 0.000000 200.000000 2.000000 200.000000 0.000000 800.000000 2.000000 1.000000 20.000000 1.000000 0.000000 0.000000 0.000000 200.000000 2.000000 200.000000 0.000000 800.000000 2.000000 1.000000 20.000000 1.000000 0.000000 0.000000 0.000000 200.000000 2.000000 200.000000 0.000000 
20:05:41.011 800.000000 2.000000 1.000000 20.000000 1.000000 0.000000 0.000000 0.000000 200.000000 2.000000 200.000000 0.000000 800.000000 2.000000 1.000000 20.000000 1.000000 0.000000 0.000000 0.000000 200.000000 2.000000 200.000000 0.000000 800.000000 2.000000 1.000000 20.000000 1.000000 0.000000 0.000000 0.000000 200.000000 2.000000 200.000000 0.000000 800.000000 2.000000 1.000000 20.000000 1.000000 0.000000 0.000000 0.000000 200.000000 2.000000 200.000000 0.000000 800.000000 2.000000 1.000000 20.000000 1.000000 0.000000 0.000000 0.000000 200.000000 2.000000 200.000000 0.000000 
20:06:11.011 800.000000 2.000000 1.000000 20.000000 1.000000 0.000000 0.000000 0.000000 200.000000 2.000000 200.000000 0.000000 800.000000 2.000000 1.000000 20.000000 1.000000 0.000000 0.000000 0.000000 200.000000 2.000000 200.000000 0.000000 800.000000 2.000000 1.000000 20.000000 1.000000 0.000000 0.000000 0.000000 200.000000 2.000000 200.000000 0.000000 800.000000 2.000000 1.000000 20.000000 1.000000 0.000000 0.000000 0.000000 200.000000 2.000000 200.000000 0.000000 800.000000 2.000000 1.000000 20.000000 1.000000 0.000000 0.000000 0.000000 200.000000 2.000000 200.000000 0.000000 
20:06:41.011 800.000000 2.000000 1.000000 20.000000 1.000000 0.000000 0.000000 0.000000 200.000000 2.000000 200.000000 0.000000 800.000000 2.000000 1.000000 20.000000 1.000000 0.000000 0.000000 0.000000 200.000000 2.000000 200.000000 0.000000 800.000000 2.000000 1.000000 20.000000 1.000000 0.000000 0.000000 0.000000 200.000000 2.000000 200.000000 0.000000 800.000000 2.000000 1.000000 20.000000 1.000000 0.000000 0.000000 0.000000 200.000000 2.000000 200.000000 0.000000 800.000000 2.000000 1.000000 20.000000 1.000000 0.000000 0.000000 0.000000 200.000000 2.000000 200.000000 0.000000 
20:07:11.011 800.000000 2.000000 1.000000 20.000000 1.000000 0.000000 0.000000 0.000000 200.000000 2.000000 200.000000 0.000000 800.000000 2.000000 1.000000 20.000000 1.000000 0.000000 0.000000 0.000000 200.000000 2.000000 200.000000 0.000000 800.000000 2.000000 1.000000 20.000000 1.000000 0.000000 0.000000 0.000000 200.000000 2.000000 200.000000 0.000000 800.000000 2.000000 1.000000 20.000000 1.000000 0.000000 0.000000 0.000000 200.000000 2.000000 200.000000 0.000000 800.000000 2.000000 1.000000 20.000000 1.000000 0.000000 0.000000 0.000000 200.000000 2.000000 200.000000 0.000000 
20:07:41.011 800.000000 2.000000 1.000000 20.000000 1.000000 0.000000 0.000000 0.000000 200.000000 2.000000 200.000000 0.000000 800.000000 2.000000 1.000000 20.000000 1.000000 0.000000 0.000000 0.000000 200.000000 2.000000 200.000000 0.000000 800.000000 2.000000 1.000000 20.000000 1.000000 0.000000 0.000000 0.000000 200.000000 2.000000 200.000000 0.000000 800.000000 2.000000 1.000000 20.000000 1.000000 0.000000 0.000000 0.000000 200.000000 2.000000 200.000000 0.000000 800.000000 2.000000 1.000000 20.000000 1.000000 0.000000 0.000000 0.000000 200.000000 2.000000 200.000000 0.000000 
20:08:11.011 800.000000 2.000000 1.000000 20.000000 1.000000 0.000000 0.000000 0.000000 200.000000 2.000000 200.000000 0.000000 800.000000 2.000000 1.000000 20.000000 1.000000 0.000000 0.000000 0.000000 200.000000 2.000000 200.000000 0.000000 800.000000 2.000000 1.000000 20.000000 1.000000 0.000000 0.000000 0.000000 200.000000 2.000000 200.000000 0.000000 800.000000 2.000000 1.000000 20.000000 1.000000 0.000000 0.000000 0.000000 200.000000 2.000000 200.000000 0.000000 800.000000 2.000000 1.000000 20.000000 1.000000 0.000000 0.000000 0.000000 200.000000 2.000000 200.000000 0.000000 
20:08:41.011 800.000000 2.000000 1.000000 20.000000 1.000000 0.000000 0.000000 0.000000 200.000000 2.000000 200.000000 0.000000 800.000000 2.000000 1.000000 20.000000 1.000000 0.000000 0.000000 0.000000 200.000000 2.000000 200.000000 0.000000 800.000000 2.000000 1.000000 20.000000 1.000000 0.000000 0.000000 0.000000 200.000000 2.000000 200.000000 0.000000 800.000000 2.000000 1.000000 20.000000 1.000000 0.000000 0.000000 0.000000 200.000000 2.000000 200.000000 0.000000 800.000000 2.000000 1.000000 20.000000 1.000000 0.000000 0.000000 0.000000 200.000000 2.000000 200.000000 0.000000 
20:09:11.011 800.000000 2.000000 1.000000 20.000000 1.000000 0.000000 0.000000 0.000000 200.000000 2.000000 200.000000 0.000000 800.000000 2.000000 1.000000 20.000000 1.000000 0.000000 0.000000 0.000000 200.000000 2.000000 200.000000 0.000000 800.000000 2.000000 1.000000 20.000000 1.000000 0.000000 0.000000 0.000000 200.000000 2.000000 200.000000 0.000000 800.000000 2.000000 1.000000 20.000000 1.000000 0.000000 0.000000 0.000000 200.000000 2.000000 200.000000 0.000000 800.000000 2.000000 1.000000 20.000000 1.000000 0.000000 0.000000 0.000000 200.000000 2.000000 200.000000 0.000000 
20:09:41.011 800.000000 2.000000 1.000000 20.000000 1.000000 0.000000 0.000000 0.000000 200.000000 2.000000 200.000000 0.000000 800.000000 2.000000 1.000000 20.000000 1.000000 0.000000 0.000000 0.000000 200.000000 2.000000 200.000000 0.000000 800.000000 2.000000 1.000000 20.000000 1.000000 0.000000 0.000000 0.000000 200.000000 2.000000 200.000000 0.000000 800.000000 2.000000 1.000000 20.000000 1.000000 0.000000 0.000000 0.000000 200.000000 2.000000 200.000000 0.000000 800.000000 2.000000 1.000000 20.000000 1.000000 0.000000 0.000000 0.000000 200.000000 2.000000 200.000000 0.000000 
20:10:11.011 800.000000 2.000000 1.000000 20.000000 1.000000 0.000000 0.000000 0.000000 200.000000 2.000000 200.000000 0.000000 800.000000 2.000000 1.000000 20.000000 1.000000 0.000000 0.000000 0.000000 200.000000 2.000000 200.000000 0.000000 800.000000 2.000000 1.000000 20.000000 1.000000 0.000000 0.000000 0.000000 200.000000 2.000000 200.000000 0.000000 800.000000 2.000000 1.000000 20.000000 1.000000 0.000000 0.000000 0.000000 200.000000 2.000000 200.000000 0.000000 800.000000 2.000000 1.000000 20.000000 1.000000 0.000000 0.000000 0.000000 200.000000 2.000000 200.000000 0.000000 
20:10:41.011 800.000000 2.000000 1.000000 20.000000 1.000000 0.000000 0.000000 0.000000 200.000000 2.000000 200.000000 0.000000 800.000000 2.000000 1.000000 20.000000 1.000000 0.000000 0.000000 0.000000 200.000000 2.000000 200.000000 0.000000 800.000000 2.000000 1.000000 20.000000 1.000000 0.000000 0.000000 0.000000 200.000000 2.000000 200.000000 0.000000 800.000000 2.000000 1.000000 20.000000 1.000000 0.000000 0.000000 0.000000 200.000000 2.000000 200.000000 0.000000 800.000000 2.000000 1.000000 20.000000 1.000000 0.000000 0.000000 0.000000 200.000000 2.000000 200.000000 0.000000 
20:11:11.011 800.000000 2.000000 1.000000 20.000000 1.000000 0.000000 0.000000 0.000000 200.000000 2.000000 200.000000 0.000000 800.000000 2.000000 1.000000 20.000000 1.000000 0.000000 0.000000 0.000000 200.000000 2.000000 200.000000 0.000000 800.000000 2.000000 1.000000 20.000000 1.000000 0.000000 0.000000 0.000000 200.000000 2.000000 200.000000 0.000000 800.000000 2.000000 1.000000 20.000000 1.000000 0.000000 0.000000 0.000000 200.000000 2.000000 200.000000 0.000000 800.000000 2.000000 1.000000 20.000000 1.000000 0.000000 0.000000 0.000000 200.000000 2.000000 200.000000 0.000000 
20:11:41.011 800.000000 2.000000 1.000000 20.000000 1.000000 0.000000 0.000000 0.000000 200.000000 2.000000 200.000000 0.000000 800.000000 2.000000 1.000000 20.000000 1.000000 0.000000 0.000000 0.000000 200.000000 2.000000 200.000000 0.000000 800.000000 2.000000 1.000000 20.000000 1.000000 0.000000 0.000000 0.000000 200.000000 2.000000 200.000000 0.000000 800.000000 2.000000 1.000000 20.000000 1.000000 0.000000 0.000000 0.000000 200.000000 2.000000 200.000000 0.000000 800.000000 2.000000 1.000000 20.000000 1.000000 0.000000 0.000000 0.000000 200.000000 2.000000 200.000000 0.000000 
20:12:11.011 800.000000 2.000000 1.000000 20.000000 1.000000 0.000000 0.000000 0.000000 200.000000 2.000000 200.000000 0.000000 800.000000 2.000000 1.000000 20.000000 1.000000 0.000000 0.000000 0.000000 200.000000 2.000000 200.000000 0.000000 800.000000 2.000000 1.000000 20.000000 1.000000 0.000000 0.000000 0.000000 200.000000 2.000000 200.000000 0.000000 800.000000 2.000000 1.000000 20.000000 1.000000 0.000000 0.000000 0.000000 200.000000 2.000000 200.000000 0.000000 800.000000 2.000000 1.000000 20.000000 1.000000 0.000000 0.000000 0.000000 200.000000 2.000000 200.000000 0.000000 
20:12:41.011 800.000000 2.000000 1.000000 20.000000 1.000000 0.000000 0.000000 0.000000 200.000000 2.000000 200.000000 0.000000 800.000000 2.000000 1.000000 20.000000 1.000000 0.000000 0.000000 0.000000 200.000000 2.000000 200.000000 0.000000 800.000000 2.000000 1.000000 20.000000 1.000000 0.000000 0.000000 0.000000 200.000000 2.000000 200.000000 0.000000 800.000000 2.000000 1.000000 20.000000 1.000000 0.000000 0.000000 0.000000 200.000000 2.000000 200.000000 0.000000 800.000000 2.000000 1.000000 20.000000 1.000000 0.000000 0.000000 0.000000 200.000000 2.000000 200.000000 0.000000 
20:13:11.012 800.000000 2.000000 1.000000 20.000000 1.000000 0.000000 0.000000 0.000000 200.000000 2.000000 200.000000 0.000000 800.000000 2.000000 1.000000 20.000000 1.000000 0.000000 0.000000 0.000000 200.000000 2.000000 200.000000 0.000000 800.000000 2.000000 1.000000 20.000000 1.000000 0.000000 0.000000 0.000000 200.000000 2.000000 200.000000 0.000000 800.000000 2.000000 1.000000 20.000000 1.000000 0.000000 0.000000 0.000000 200.000000 2.000000 200.000000 0.000000 800.000000 2.000000 1.000000 20.000000 1.000000 0.000000 0.000000 0.000000 200.000000 2.000000 200.000000 0.000000 
20:13:41.011 800.000000 2.000000 1.000000 20.000000 1.000000 0.000000 0.000000 0.000000 200.000000 2.000000 200.000000 0.000000 800.000000 2.000000 1.000000 20.000000 1.000000 0.000000 0.000000 0.000000 200.000000 2.000000 200.000000 0.000000 800.000000 2.000000 1.000000 20.000000 1.000000 0.000000 0.000000 0.000000 200.000000 2.000000 200.000000 0.000000 800.000000 2.000000 1.000000 20.000000 1.000000 0.000000 0.000000 0.000000 200.000000 2.000000 200.000000 0.000000 800.000000 2.000000 1.000000 20.000000 1.000000 0.000000 0.000000 0.000000 200.000000 2.000000 200.000000 0.000000 
20:14:11.011 800.000000 2.000000 1.000000 20.000000 1.000000 0.000000 0.000000 0.000000 200.000000 2.000000 200.000000 0.000000 800.000000 2.000000 1.000000 20.000000 1.000000 0.000000 0.000000 0.000000 200.000000 2.000000 200.000000 0.000000 800.000000 2.000000 1.000000 20.000000 1.000000 0.000000 0.000000 0.000000 200.000000 2.000000 200.000000 0.000000 800.000000 2.000000 1.000000 20.000000 1.000000 0.000000 0.000000 0.000000 200.000000 2.000000 200.000000 0.000000 800.000000 2.000000 1.000000 20.000000 1.000000 0.000000 0.000000 0.000000 200.000000 2.000000 200.000000 0.000000 
20:14:41.011 800.000000 2.000000 1.000000 20.000000 1.000000 0.000000 0.000000 0.000000 200.000000 2.000000 200.000000 0.000000 800.000000 2.000000 1.000000 20.000000 1.000000 0.000000 0.000000 0.000000 200.000000 2.000000 200.000000 0.000000 800.000000 2.000000 1.000000 20.000000 1.000000 0.000000 0.000000 0.000000 200.000000 2.000000 200.000000 0.000000 800.000000 2.000000 1.000000 20.000000 1.000000 0.000000 0.000000 0.000000 200.000000 2.000000 200.000000 0.000000 800.000000 2.000000 1.000000 20.000000 1.000000 0.000000 0.000000 0.000000 200.000000 2.000000 200.000000 0.000000 
20:15:11.011 800.000000 2.000000 1.000000 20.000000 1.000000 0.000000 0.000000 0.000000 200.000000 2.000000 200.000000 0.000000 800.000000 2.000000 1.000000 20.000000 1.000000 0.000000 0.000000 0.000000 200.000000 2.000000 200.000000 0.000000 800.000000 2.000000 1.000000 20.000000 1.000000 0.000000 0.000000 0.000000 200.000000 2.000000 200.000000 0.000000 800.000000 2.000000 1.000000 20.000000 1.000000 0.000000 0.000000 0.000000 200.000000 2.000000 200.000000 0.000000 800.000000 2.000000 1.000000 20.000000 1.000000 0.000000 0.000000 0.000000 200.000000 2.000000 200.000000 0.000000 
20:15:41.011 800.000000 2.000000 1.000000 20.000000 1.000000 0.000000 0.000000 0.000000 200.000000 2.000000 200.000000 0.000000 800.000000 2.000000 1.000000 20.000000 1.000000 0.000000 0.000000 0.000000 200.000000 2.000000 200.000000 0.000000 800.000000 2.000000 1.000000 20.000000 1.000000 0.000000 0.000000 0.000000 200.000000 2.000000 200.000000 0.000000 800.000000 2.000000 1.000000 20.000000 1.000000 0.000000 0.000000 0.000000 200.000000 2.000000 200.000000 0.000000 800.000000 2.000000 1.000000 20.000000 1.000000 0.000000 0.000000 0.000000 200.000000 2.000000 200.000000 0.000000 
20:16:11.011 800.000000 2.000000 1.000000 20.000000 1.000000 0.000000 0.000000 0.000000 200.000000 2.000000 200.000000 0.000000 800.000000 2.000000 1.000000 20.000000 1.000000 0.000000 0.000000 0.000000 200.000000 2.000000 200.000000 0.000000 800.000000 2.000000 1.000000 20.000000 1.000000 0.000000 0.000000 0.000000 200.000000 2.000000 200.000000 0.000000 800.000000 2.000000 1.000000 20.000000 1.000000 0.000000 0.000000 0.000000 200.000000 2.000000 200.000000 0.000000 800.000000 2.000000 1.000000 20.000000 1.000000 0.000000 0.000000 0.000000 200.000000 2.000000 200.000000 0.000000 
20:16:41.011 800.000000 2.000000 1.000000 20.000000 1.000000 0.000000 0.000000 0.000000 200.000000 2.000000 200.000000 0.000000 800.000000 2.000000 1.000000 20.000000 1.000000 0.000000 0.000000 0.000000 200.000000 2.000000 200.000000 0.000000 800.000000 2.000000 1.000000 20.000000 1.000000 0.000000 0.000000 0.000000 200.000000 2.000000 200.000000 0.000000 800.000000 2.000000 1.000000 20.000000 1.000000 0.000000 0.000000 0.000000 200.000000 2.000000 200.000000 0.000000 800.000000 2.000000 1.000000 20.000000 1.000000 0.000000 0.000000 0.000000 200.000000 2.000000 200.000000 0.000000 
20:17:11.011 800.000000 2.000000 1.000000 20.000000 1.000000 0.000000 0.000000 0.000000 200.000000 2.000000 200.000000 0.000000 800.000000 2.000000 1.000000 20.000000 1.000000 0.000000 0.000000 0.000000 200.000000 2.000000 200.000000 0.000000 800.000000 2.000000 1.000000 20.000000 1.000000 0.000000 0.000000 0.000000 200.000000 2.000000 200.000000 0.000000 800.000000 2.000000 1.000000 20.000000 1.000000 0.000000 0.000000 0.000000 200.000000 2.000000 200.000000 0.000000 800.000000 2.000000 1.000000 20.000000 1.000000 0.000000 0.000000 0.000000 200.000000 2.000000 200.000000 0.000000 
20:17:41.011 800.000000 2.000000 1.000000 20.000000 1.000000 0.000000 0.000000 0.000000 200.000000 2.000000 200.000000 0.000000 800.000000 2.000000 1.000000 20.000000 1.000000 0.000000 0.000000 0.000000 200.000000 2.000000 200.000000 0.000000 800.000000 2.000000 1.000000 20.000000 1.000000 0.000000 0.000000 0.000000 200.000000 2.000000 200.000000 0.000000 800.000000 2.000000 1.000000 20.000000 1.000000 0.000000 0.000000 0.000000 200.000000 2.000000 200.000000 0.000000 800.000000 2.000000 1.000000 20.000000 1.000000 0.000000 0.000000 0.000000 200.000000 2.000000 200.000000 0.000000 
20:18:11.011 800.000000 2.000000 1.000000 20.000000 1.000000 0.000000 0.000000 0.000000 200.000000 2.000000 200.000000 0.000000 800.000000 2.000000 1.000000 20.000000 1.000000 0.000000 0.000000 0.000000 200.000000 2.000000 200.000000 0.000000 800.000000 2.000000 1.000000 20.000000 1.000000 0.000000 0.000000 0.000000 200.000000 2.000000 200.000000 0.000000 800.000000 2.000000 1.000000 20.000000 1.000000 0.000000 0.000000 0.000000 200.000000 2.000000 200.000000 0.000000 800.000000 2.000000 1.000000 20.000000 1.000000 0.000000 0.000000 0.000000 200.000000 2.000000 200.000000 0.000000 
20:18:41.011 800.000000 2.000000 1.000000 20.000000 1.000000 0.000000 0.000000 0.000000 200.000000 2.000000 200.000000 0.000000 800.000000 2.000000 1.000000 20.000000 1.000000 0.000000 0.000000 0.000000 200.000000 2.000000 200.000000 0.000000 800.000000 2.000000 1.000000 20.000000 1.000000 0.000000 0.000000 0.000000 200.000000 2.000000 200.000000 0.000000 800.000000 2.000000 1.000000 20.000000 1.000000 0.000000 0.000000 0.000000 200.000000 2.000000 200.000000 0.000000 800.000000 2.000000 1.000000 20.000000 1.000000 0.000000 0.000000 0.000000 200.000000 2.000000 200.000000 0.000000 
20:19:11.012 800.000000 2.000000 1.000000 20.000000 1.000000 0.000000 0.000000 0.000000 200.000000 2.000000 200.000000 0.000000 800.000000 2.000000 1.000000 20.000000 1.000000 0.000000 0.000000 0.000000 200.000000 2.000000 200.000000 0.000000 800.000000 2.000000 1.000000 20.000000 1.000000 0.000000 0.000000 0.000000 200.000000 2.000000 200.000000 0.000000 800.000000 2.000000 1.000000 20.000000 1.000000 0.000000 0.000000 0.000000 200.000000 2.000000 200.000000 0.000000 800.000000 2.000000 1.000000 20.000000 1.000000 0.000000 0.000000 0.000000 200.000000 2.000000 200.000000 0.000000 
20:19:41.011 800.000000 2.000000 1.000000 20.000000 1.000000 0.000000 0.000000 0.000000 200.000000 2.000000 200.000000 0.000000 800.000000 2.000000 1.000000 20.000000 1.000000 0.000000 0.000000 0.000000 200.000000 2.000000 200.000000 0.000000 800.000000 2.000000 1.000000 20.000000 1.000000 0.000000 0.000000 0.000000 200.000000 2.000000 200.000000 0.000000 800.000000 2.000000 1.000000 20.000000 1.000000 0.000000 0.000000 0.000000 200.000000 2.000000 200.000000 0.000000 800.000000 2.000000 1.000000 20.000000 1.000000 0.000000 0.000000 0.000000 200.000000 2.000000 200.000000 0.000000 
20:20:11.011 800.000000 2.000000 1.000000 20.000000 1.000000 0.000000 0.000000 0.000000 200.000000 2.000000 200.000000 0.000000 800.000000 2.000000 1.000000 20.000000 1.000000 0.000000 0.000000 0.000000 200.000000 2.000000 200.000000 0.000000 800.000000 2.000000 1.000000 20.000000 1.000000 0.000000 0.000000 0.000000 200.000000 2.000000 200.000000 0.000000 800.000000 2.000000 1.000000 20.000000 1.000000 0.000000 0.000000 0.000000 200.000000 2.000000 200.000000 0.000000 800.000000 2.000000 1.000000 20.000000 1.000000 0.000000 0.000000 0.000000 200.000000 2.000000 200.000000 0.000000 
20:20:41.011 800.000000 2.000000 1.000000 20.000000 1.000000 0.000000 0.000000 0.000000 200.000000 2.000000 200.000000 0.000000 800.000000 2.000000 1.000000 20.000000 1.000000 0.000000 0.000000 0.000000 200.000000 2.000000 200.000000 0.000000 800.000000 2.000000 1.000000 20.000000 1.000000 0.000000 0.000000 0.000000 200.000000 2.000000 200.000000 0.000000 800.000000 2.000000 1.000000 20.000000 1.000000 0.000000 0.000000 0.000000 200.000000 2.000000 200.000000 0.000000 800.000000 2.000000 1.000000 20.000000 1.000000 0.000000 0.000000 0.000000 200.000000 2.000000 200.000000 0.000000 
20:21:11.011 800.000000 2.000000 1.000000 20.000000 1.000000 0.000000 0.000000 0.000000 200.000000 2.000000 200.000000 0.000000 800.000000 2.000000 1.000000 20.000000 1.000000 0.000000 0.000000 0.000000 200.000000 2.000000 200.000000 0.000000 800.000000 2.000000 1.000000 20.000000 1.000000 0.000000 0.000000 0.000000 200.000000 2.000000 200.000000 0.000000 800.000000 2.000000 1.000000 20.000000 1.000000 0.000000 0.000000 0.000000 200.000000 2.000000 200.000000 0.000000 800.000000 2.000000 1.000000 20.000000 1.000000 0.000000 0.000000 0.000000 200.000000 2.000000 200.000000 0.000000 
20:21:41.011 800.000000 2.000000 1.000000 20.000000 1.000000 0.000000 0.000000 0.000000 200.000000 2.000000 200.000000 0.000000 800.000000 2.000000 1.000000 20.000000 1.000000 0.000000 0.000000 0.000000 200.000000 2.000000 200.000000 0.000000 800.000000 2.000000 1.000000 20.000000 1.000000 0.000000 0.000000 0.000000 200.000000 2.000000 200.000000 0.000000 800.000000 2.000000 1.000000 20.000000 1.000000 0.000000 0.000000 0.000000 200.000000 2.000000 200.000000 0.000000 800.000000 2.000000 1.000000 20.000000 1.000000 0.000000 0.000000 0.000000 200.000000 2.000000 200.000000 0.000000 
20:22:11.011 800.000000 2.000000 1.000000 20.000000 1.000000 0.000000 0.000000 0.000000 200.000000 2.000000 200.000000 0.000000 800.000000 2.000000 1.000000 20.000000 1.000000 0.000000 0.000000 0.000000 200.000000 2.000000 200.000000 0.000000 800.000000 2.000000 1.000000 20.000000 1.000000 0.000000 0.000000 0.000000 200.000000 2.000000 200.000000 0.000000 800.000000 2.000000 1.000000 20.000000 1.000000 0.000000 0.000000 0.000000 200.000000 2.000000 200.000000 0.000000 800.000000 2.000000 1.000000 20.000000 1.000000 0.000000 0.000000 0.000000 200.000000 2.000000 200.000000 0.000000 
20:22:41.011 800.000000 2.000000 1.000000 20.000000 1.000000 0.000000 0.000000 0.000000 200.000000 2.000000 200.000000 0.000000 800.000000 2.000000 1.000000 20.000000 1.000000 0.000000 0.000000 0.000000 200.000000 2.000000 200.000000 0.000000 800.000000 2.000000 1.000000 20.000000 1.000000 0.000000 0.000000 0.000000 200.000000 2.000000 200.000000 0.000000 800.000000 2.000000 1.000000 20.000000 1.000000 0.000000 0.000000 0.000000 200.000000 2.000000 200.000000 0.000000 800.000000 2.000000 1.000000 20.000000 1.000000 0.000000 0.000000 0.000000 200.000000 2.000000 200.000000 0.000000 
20:23:11.011 800.000000 2.000000 1.000000 20.000000 1.000000 0.000000 0.000000 0.000000 200.000000 2.000000 200.000000 0.000000 800.000000 2.000000 1.000000 20.000000 1.000000 0.000000 0.000000 0.000000 200.000000 2.000000 200.000000 0.000000 800.000000 2.000000 1.000000 20.000000 1.000000 0.000000 0.000000 0.000000 200.000000 2.000000 200.000000 0.000000 800.000000 2.000000 1.000000 20.000000 1.000000 0.000000 0.000000 0.000000 200.000000 2.000000 200.000000 0.000000 800.000000 2.000000 1.000000 20.000000 1.000000 0.000000 0.000000 0.000000 200.000000 2.000000 200.000000 0.000000 
20:23:41.011 800.000000 2.000000 1.000000 20.000000 1.000000 0.000000 0.000000 0.000000 200.000000 2.000000 200.000000 0.000000 800.000000 2.000000 1.000000 20.000000 1.000000 0.000000 0.000000 0.000000 200.000000 2.000000 200.000000 0.000000 800.000000 2.000000 1.000000 20.000000 1.000000 0.000000 0.000000 0.000000 200.000000 2.000000 200.000000 0.000000 800.000000 2.000000 1.000000 20.000000 1.000000 0.000000 0.000000 0.000000 200.000000 2.000000 200.000000 0.000000 800.000000 2.000000 1.000000 20.000000 1.000000 0.000000 0.000000 0.000000 200.000000 2.000000 200.000000 0.000000 
20:24:11.012 800.000000 2.000000 1.000000 20.000000 1.000000 0.000000 0.000000 0.000000 200.000000 2.000000 200.000000 0.000000 800.000000 2.000000 1.000000 20.000000 1.000000 0.000000 0.000000 0.000000 200.000000 2.000000 200.000000 0.000000 800.000000 2.000000 1.000000 20.000000 1.000000 0.000000 0.000000 0.000000 200.000000 2.000000 200.000000 0.000000 800.000000 2.000000 1.000000 20.000000 1.000000 0.000000 0.000000 0.000000 200.000000 2.000000 200.000000 0.000000 800.000000 2.000000 1.000000 20.000000 1.000000 0.000000 0.000000 0.000000 200.000000 2.000000 200.000000 0.000000 
20:24:41.011 800.000000 2.000000 1.000000 20.000000 1.000000 0.000000 0.000000 0.000000 200.000000 2.000000 200.000000 0.000000 800.000000 2.000000 1.000000 20.000000 1.000000 0.000000 0.000000 0.000000 200.000000 2.000000 200.000000 0.000000 800.000000 2.000000 1.000000 20.000000 1.000000 0.000000 0.000000 0.000000 200.000000 2.000000 200.000000 0.000000 800.000000 2.000000 1.000000 20.000000 1.000000 0.000000 0.000000 0.000000 200.000000 2.000000 200.000000 0.000000 800.000000 2.000000 1.000000 20.000000 1.000000 0.000000 0.000000 0.000000 200.000000 2.000000 200.000000 0.000000 
20:25:11.011 800.000000 2.000000 1.000000 20.000000 1.000000 0.000000 0.000000 0.000000 200.000000 2.000000 200.000000 0.000000 800.000000 2.000000 1.000000 20.000000 1.000000 0.000000 0.000000 0.000000 200.000000 2.000000 200.000000 0.000000 800.000000 2.000000 1.000000 20.000000 1.000000 0.000000 0.000000 0.000000 200.000000 2.000000 200.000000 0.000000 800.000000 2.000000 1.000000 20.000000 1.000000 0.000000 0.000000 0.000000 200.000000 2.000000 200.000000 0.000000 800.000000 2.000000 1.000000 20.000000 1.000000 0.000000 0.000000 0.000000 200.000000 2.000000 200.000000 0.000000 
20:25:41.011 800.000000 2.000000 1.000000 20.000000 1.000000 0.000000 0.000000 0.000000 200.000000 2.000000 200.000000 0.000000 800.000000 2.000000 1.000000 20.000000 1.000000 0.000000 0.000000 0.000000 200.000000 2.000000 200.000000 0.000000 800.000000 2.000000 1.000000 20.000000 1.000000 0.000000 0.000000 0.000000 200.000000 2.000000 200.000000 0.000000 800.000000 2.000000 1.000000 20.000000 1.000000 0.000000 0.000000 0.000000 200.000000 2.000000 200.000000 0.000000 800.000000 2.000000 1.000000 20.000000 1.000000 0.000000 0.000000 0.000000 200.000000 2.000000 200.000000 0.000000 
20:26:11.011 800.000000 2.000000 1.000000 20.000000 1.000000 0.000000 0.000000 0.000000 200.000000 2.000000 200.000000 0.000000 800.000000 2.000000 1.000000 20.000000 1.000000 0.000000 0.000000 0.000000 200.000000 2.000000 200.000000 0.000000 800.000000 2.000000 1.000000 20.000000 1.000000 0.000000 0.000000 0.000000 200.000000 2.000000 200.000000 0.000000 800.000000 2.000000 1.000000 20.000000 1.000000 0.000000 0.000000 0.000000 200.000000 2.000000 200.000000 0.000000 800.000000 2.000000 1.000000 20.000000 1.000000 0.000000 0.000000 0.000000 200.000000 2.000000 200.000000 0.000000 
20:26:41.011 800.000000 2.000000 1.000000 20.000000 1.000000 0.000000 0.000000 0.000000 200.000000 2.000000 200.000000 0.000000 800.000000 2.000000 1.000000 20.000000 1.000000 0.000000 0.000000 0.000000 200.000000 2.000000 200.000000 0.000000 800.000000 2.000000 1.000000 20.000000 1.000000 0.000000 0.000000 0.000000 200.000000 2.000000 200.000000 0.000000 800.000000 2.000000 1.000000 20.000000 1.000000 0.000000 0.000000 0.000000 200.000000 2.000000 200.000000 0.000000 800.000000 2.000000 1.000000 20.000000 1.000000 0.000000 0.000000 0.000000 200.000000 2.000000 200.000000 0.000000 
20:27:11.011 800.000000 2.000000 1.000000 20.000000 1.000000 0.000000 0.000000 0.000000 200.000000 2.000000 200.000000 0.000000 800.000000 2.000000 1.000000 20.000000 1.000000 0.000000 0.000000 0.000000 200.000000 2.000000 200.000000 0.000000 800.000000 2.000000 1.000000 20.000000 1.000000 0.000000 0.000000 0.000000 200.000000 2.000000 200.000000 0.000000 800.000000 2.000000 1.000000 20.000000 1.000000 0.000000 0.000000 0.000000 200.000000 2.000000 200.000000 0.000000 800.000000 2.000000 1.000000 20.000000 1.000000 0.000000 0.000000 0.000000 200.000000 2.000000 200.000000 0.000000 
20:27:41.011 800.000000 2.000000 1.000000 20.000000 1.000000 0.000000 0.000000 0.000000 200.000000 2.000000 200.000000 0.000000 800.000000 2.000000 1.000000 20.000000 1.000000 0.000000 0.000000 0.000000 200.000000 2.000000 200.000000 0.000000 800.000000 2.000000 1.000000 20.000000 1.000000 0.000000 0.000000 0.000000 200.000000 2.000000 200.000000 0.000000 800.000000 2.000000 1.000000 20.000000 1.000000 0.000000 0.000000 0.000000 200.000000 2.000000 200.000000 0.000000 800.000000 2.000000 1.000000 20.000000 1.000000 0.000000 0.000000 0.000000 200.000000 2.000000 200.000000 0.000000 
20:28:11.011 800.000000 2.000000 1.000000 20.000000 1.000000 0.000000 0.000000 0.000000 200.000000 2.000000 200.000000 0.000000 800.000000 2.000000 1.000000 20.000000 1.000000 0.000000 0.000000 0.000000 200.000000 2.000000 200.000000 0.000000 800.000000 2.000000 1.000000 20.000000 1.000000 0.000000 0.000000 0.000000 200.000000 2.000000 200.000000 0.000000 800.000000 2.000000 1.000000 20.000000 1.000000 0.000000 0.000000 0.000000 200.000000 2.000000 200.000000 0.000000 800.000000 2.000000 1.000000 20.000000 1.000000 0.000000 0.000000 0.000000 200.000000 2.000000 200.000000 0.000000 
20:28:41.011 800.000000 2.000000 1.000000 20.000000 1.000000 0.000000 0.000000 0.000000 200.000000 2.000000 200.000000 0.000000 800.000000 2.000000 1.000000 20.000000 1.000000 0.000000 0.000000 0.000000 200.000000 2.000000 200.000000 0.000000 800.000000 2.000000 1.000000 20.000000 1.000000 0.000000 0.000000 0.000000 200.000000 2.000000 200.000000 0.000000 800.000000 2.000000 1.000000 20.000000 1.000000 0.000000 0.000000 0.000000 200.000000 2.000000 200.000000 0.000000 800.000000 2.000000 1.000000 20.000000 1.000000 0.000000 0.000000 0.000000 200.000000 2.000000 200.000000 0.000000 
20:29:11.011 800.000000 2.000000 1.000000 20.000000 1.000000 0.000000 0.000000 0.000000 200.000000 2.000000 200.000000 0.000000 800.000000 2.000000 1.000000 20.000000 1.000000 0.000000 0.000000 0.000000 200.000000 2.000000 200.000000 0.000000 800.000000 2.000000 1.000000 20.000000 1.000000 0.000000 0.000000 0.000000 200.000000 2.000000 200.000000 0.000000 800.000000 2.000000 1.000000 20.000000 1.000000 0.000000 0.000000 0.000000 200.000000 2.000000 200.000000 0.000000 800.000000 2.000000 1.000000 20.000000 1.000000 0.000000 0.000000 0.000000 200.000000 2.000000 200.000000 0.000000 
20:29:41.011 800.000000 2.000000 1.000000 20.000000 1.000000 0.000000 0.000000 0.000000 200.000000 2.000000 200.000000 0.000000 800.000000 2.000000 1.000000 20.000000 1.000000 0.000000 0.000000 0.000000 200.000000 2.000000 200.000000 0.000000 800.000000 2.000000 1.000000 20.000000 1.000000 0.000000 0.000000 0.000000 200.000000 2.000000 200.000000 0.000000 800.000000 2.000000 1.000000 20.000000 1.000000 0.000000 0.000000 0.000000 200.000000 2.000000 200.000000 0.000000 800.000000 2.000000 1.000000 20.000000 1.000000 0.000000 0.000000 0.000000 200.000000 2.000000 200.000000 0.000000 
20:30:11.011 800.000000 2.000000 1.000000 20.000000 1.000000 0.000000 0.000000 0.000000 200.000000 2.000000 200.000000 0.000000 800.000000 2.000000 1.000000 20.000000 1.000000 0.000000 0.000000 0.000000 200.000000 2.000000 200.000000 0.000000 800.000000 2.000000 1.000000 20.000000 1.000000 0.000000 0.000000 0.000000 200.000000 2.000000 200.000000 0.000000 800.000000 2.000000 1.000000 20.000000 1.000000 0.000000 0.000000 0.000000 200.000000 2.000000 200.000000 0.000000 800.000000 2.000000 1.000000 20.000000 1.000000 0.000000 0.000000 0.000000 200.000000 2.000000 200.000000 0.000000 
20:30:41.011 800.000000 2.000000 1.000000 20.000000 1.000000 0.000000 0.000000 0.000000 200.000000 2.000000 200.000000 0.000000 800.000000 2.000000 1.000000 20.000000 1.000000 0.000000 0.000000 0.000000 200.000000 2.000000 200.000000 0.000000 800.000000 2.000000 1.000000 20.000000 1.000000 0.000000 0.000000 0.000000 200.000000 2.000000 200.000000 0.000000 800.000000 2.000000 1.000000 20.000000 1.000000 0.000000 0.000000 0.000000 200.000000 2.000000 200.000000 0.000000 800.000000 2.000000 1.000000 20.000000 1.000000 0.000000 0.000000 0.000000 200.000000 2.000000 200.000000 0.000000 
20:31:11.011 800.000000 2.000000 1.000000 20.000000 1.000000 0.000000 0.000000 0.000000 200.000000 2.000000 200.000000 0.000000 800.000000 2.000000 1.000000 20.000000 1.000000 0.000000 0.000000 0.000000 200.000000 2.000000 200.000000 0.000000 800.000000 2.000000 1.000000 20.000000 1.000000 0.000000 0.000000 0.000000 200.000000 2.000000 200.000000 0.000000 800.000000 2.000000 1.000000 20.000000 1.000000 0.000000 0.000000 0.000000 200.000000 2.000000 200.000000 0.000000 800.000000 2.000000 1.000000 20.000000 1.000000 0.000000 0.000000 0.000000 200.000000 2.000000 200.000000 0.000000 
20:31:41.011 800.000000 2.000000 1.000000 20.000000 1.000000 0.000000 0.000000 0.000000 200.000000 2.000000 200.000000 0.000000 800.000000 2.000000 1.000000 20.000000 1.000000 0.000000 0.000000 0.000000 200.000000 2.000000 200.000000 0.000000 800.000000 2.000000 1.000000 20.000000 1.000000 0.000000 0.000000 0.000000 200.000000 2.000000 200.000000 0.000000 800.000000 2.000000 1.000000 20.000000 1.000000 0.000000 0.000000 0.000000 200.000000 2.000000 200.000000 0.000000 800.000000 2.000000 1.000000 20.000000 1.000000 0.000000 0.000000 0.000000 200.000000 2.000000 200.000000 0.000000 
20:32:11.011 800.000000 2.000000 1.000000 20.000000 1.000000 0.000000 0.000000 0.000000 200.000000 2.000000 200.000000 0.000000 800.000000 2.000000 1.000000 20.000000 1.000000 0.000000 0.000000 0.000000 200.000000 2.000000 200.000000 0.000000 800.000000 2.000000 1.000000 20.000000 1.000000 0.000000 0.000000 0.000000 200.000000 2.000000 200.000000 0.000000 800.000000 2.000000 1.000000 20.000000 1.000000 0.000000 0.000000 0.000000 200.000000 2.000000 200.000000 0.000000 800.000000 2.000000 1.000000 20.000000 1.000000 0.000000 0.000000 0.000000 200.000000 2.000000 200.000000 0.000000 
20:32:41.011 800.000000 2.000000 1.000000 20.000000 1.000000 0.000000 0.000000 0.000000 200.000000 2.000000 200.000000 0.000000 800.000000 2.000000 1.000000 20.000000 1.000000 0.000000 0.000000 0.000000 200.000000 2.000000 200.000000 0.000000 800.000000 2.000000 1.000000 20.000000 1.000000 0.000000 0.000000 0.000000 200.000000 2.000000 200.000000 0.000000 800.000000 2.000000 1.000000 20.000000 1.000000 0.000000 0.000000 0.000000 200.000000 2.000000 200.000000 0.000000 800.000000 2.000000 1.000000 20.000000 1.000000 0.000000 0.000000 0.000000 200.000000 2.000000 200.000000 0.000000 
20:33:11.011 800.000000 2.000000 1.000000 20.000000 1.000000 0.000000 0.000000 0.000000 200.000000 2.000000 200.000000 0.000000 800.000000 2.000000 1.000000 20.000000 1.000000 0.000000 0.000000 0.000000 200.000000 2.000000 200.000000 0.000000 800.000000 2.000000 1.000000 20.000000 1.000000 0.000000 0.000000 0.000000 200.000000 2.000000 200.000000 0.000000 800.000000 2.000000 1.000000 20.000000 1.000000 0.000000 0.000000 0.000000 200.000000 2.000000 200.000000 0.000000 800.000000 2.000000 1.000000 20.000000 1.000000 0.000000 0.000000 0.000000 200.000000 2.000000 200.000000 0.000000 
20:33:41.011 800.000000 2.000000 1.000000 20.000000 1.000000 0.000000 0.000000 0.000000 200.000000 2.000000 200.000000 0.000000 800.000000 2.000000 1.000000 20.000000 1.000000 0.000000 0.000000 0.000000 200.000000 2.000000 200.000000 0.000000 800.000000 2.000000 1.000000 20.000000 1.000000 0.000000 0.000000 0.000000 200.000000 2.000000 200.000000 0.000000 800.000000 2.000000 1.000000 20.000000 1.000000 0.000000 0.000000 0.000000 200.000000 2.000000 200.000000 0.000000 800.000000 2.000000 1.000000 20.000000 1.000000 0.000000 0.000000 0.000000 200.000000 2.000000 200.000000 0.000000 
20:34:11.011 800.000000 2.000000 1.000000 20.000000 1.000000 0.000000 0.000000 0.000000 200.000000 2.000000 200.000000 0.000000 800.000000 2.000000 1.000000 20.000000 1.000000 0.000000 0.000000 0.000000 200.000000 2.000000 200.000000 0.000000 800.000000 2.000000 1.000000 20.000000 1.000000 0.000000 0.000000 0.000000 200.000000 2.000000 200.000000 0.000000 800.000000 2.000000 1.000000 20.000000 1.000000 0.000000 0.000000 0.000000 200.000000 2.000000 200.000000 0.000000 800.000000 2.000000 1.000000 20.000000 1.000000 0.000000 0.000000 0.000000 200.000000 2.000000 200.000000 0.000000 
20:34:41.012 800.000000 2.000000 1.000000 20.000000 1.000000 0.000000 0.000000 0.000000 200.000000 2.000000 200.000000 0.000000 800.000000 2.000000 1.000000 20.000000 1.000000 0.000000 0.000000 0.000000 200.000000 2.000000 200.000000 0.000000 800.000000 2.000000 1.000000 20.000000 1.000000 0.000000 0.000000 0.000000 200.000000 2.000000 200.000000 0.000000 800.000000 2.000000 1.000000 20.000000 1.000000 0.000000 0.000000 0.000000 200.000000 2.000000 200.000000 0.000000 800.000000 2.000000 1.000000 20.000000 1.000000 0.000000 0.000000 0.000000 200.000000 2.000000 200.000000 0.000000 
20:35:11.011 800.000000 2.000000 1.000000 20.000000 1.000000 0.000000 0.000000 0.000000 200.000000 2.000000 200.000000 0.000000 800.000000 2.000000 1.000000 20.000000 1.000000 0.000000 0.000000 0.000000 200.000000 2.000000 200.000000 0.000000 800.000000 2.000000 1.000000 20.000000 1.000000 0.000000 0.000000 0.000000 200.000000 2.000000 200.000000 0.000000 800.000000 2.000000 1.000000 20.000000 1.000000 0.000000 0.000000 0.000000 200.000000 2.000000 200.000000 0.000000 800.000000 2.000000 1.000000 20.000000 1.000000 0.000000 0.000000 0.000000 200.000000 2.000000 200.000000 0.000000 
20:35:41.011 800.000000 2.000000 1.000000 20.000000 1.000000 0.000000 0.000000 0.000000 200.000000 2.000000 200.000000 0.000000 800.000000 2.000000 1.000000 20.000000 1.000000 0.000000 0.000000 0.000000 200.000000 2.000000 200.000000 0.000000 800.000000 2.000000 1.000000 20.000000 1.000000 0.000000 0.000000 0.000000 200.000000 2.000000 200.000000 0.000000 800.000000 2.000000 1.000000 20.000000 1.000000 0.000000 0.000000 0.000000 200.000000 2.000000 200.000000 0.000000 800.000000 2.000000 1.000000 20.000000 1.000000 0.000000 0.000000 0.000000 200.000000 2.000000 200.000000 0.000000 
20:36:11.011 800.000000 2.000000 1.000000 20.000000 1.000000 0.000000 0.000000 0.000000 200.000000 2.000000 200.000000 0.000000 800.000000 2.000000 1.000000 20.000000 1.000000 0.000000 0.000000 0.000000 200.000000 2.000000 200.000000 0.000000 800.000000 2.000000 1.000000 20.000000 1.000000 0.000000 0.000000 0.000000 200.000000 2.000000 200.000000 0.000000 800.000000 2.000000 1.000000 20.000000 1.000000 0.000000 0.000000 0.000000 200.000000 2.000000 200.000000 0.000000 800.000000 2.000000 1.000000 20.000000 1.000000 0.000000 0.000000 0.000000 200.000000 2.000000 200.000000 0.000000 
20:36:41.011 800.000000 2.000000 1.000000 20.000000 1.000000 0.000000 0.000000 0.000000 200.000000 2.000000 200.000000 0.000000 800.000000 2.000000 1.000000 20.000000 1.000000 0.000000 0.000000 0.000000 200.000000 2.000000 200.000000 0.000000 800.000000 2.000000 1.000000 20.000000 1.000000 0.000000 0.000000 0.000000 200.000000 2.000000 200.000000 0.000000 800.000000 2.000000 1.000000 20.000000 1.000000 0.000000 0.000000 0.000000 200.000000 2.000000 200.000000 0.000000 800.000000 2.000000 1.000000 20.000000 1.000000 0.000000 0.000000 0.000000 200.000000 2.000000 200.000000 0.000000 
20:37:11.011 800.000000 2.000000 1.000000 20.000000 1.000000 0.000000 0.000000 0.000000 200.000000 2.000000 200.000000 0.000000 800.000000 2.000000 1.000000 20.000000 1.000000 0.000000 0.000000 0.000000 200.000000 2.000000 200.000000 0.000000 800.000000 2.000000 1.000000 20.000000 1.000000 0.000000 0.000000 0.000000 200.000000 2.000000 200.000000 0.000000 800.000000 2.000000 1.000000 20.000000 1.000000 0.000000 0.000000 0.000000 200.000000 2.000000 200.000000 0.000000 800.000000 2.000000 1.000000 20.000000 1.000000 0.000000 0.000000 0.000000 200.000000 2.000000 200.000000 0.000000 
20:37:41.011 800.000000 2.000000 1.000000 20.000000 1.000000 0.000000 0.000000 0.000000 200.000000 2.000000 200.000000 0.000000 800.000000 2.000000 1.000000 20.000000 1.000000 0.000000 0.000000 0.000000 200.000000 2.000000 200.000000 0.000000 800.000000 2.000000 1.000000 20.000000 1.000000 0.000000 0.000000 0.000000 200.000000 2.000000 200.000000 0.000000 800.000000 2.000000 1.000000 20.000000 1.000000 0.000000 0.000000 0.000000 200.000000 2.000000 200.000000 0.000000 800.000000 2.000000 1.000000 20.000000 1.000000 0.000000 0.000000 0.000000 200.000000 2.000000 200.000000 0.000000 
20:38:11.011 800.000000 2.000000 1.000000 20.000000 1.000000 0.000000 0.000000 0.000000 200.000000 2.000000 200.000000 0.000000 800.000000 2.000000 1.000000 20.000000 1.000000 0.000000 0.000000 0.000000 200.000000 2.000000 200.000000 0.000000 800.000000 2.000000 1.000000 20.000000 1.000000 0.000000 0.000000 0.000000 200.000000 2.000000 200.000000 0.000000 800.000000 2.000000 1.000000 20.000000 1.000000 0.000000 0.000000 0.000000 200.000000 2.000000 200.000000 0.000000 800.000000 2.000000 1.000000 20.000000 1.000000 0.000000 0.000000 0.000000 200.000000 2.000000 200.000000 0.000000 
20:38:41.011 800.000000 2.000000 1.000000 20.000000 1.000000 0.000000 0.000000 0.000000 200.000000 2.000000 200.000000 0.000000 800.000000 2.000000 1.000000 20.000000 1.000000 0.000000 0.000000 0.000000 200.000000 2.000000 200.000000 0.000000 800.000000 2.000000 1.000000 20.000000 1.000000 0.000000 0.000000 0.000000 200.000000 2.000000 200.000000 0.000000 800.000000 2.000000 1.000000 20.000000 1.000000 0.000000 0.000000 0.000000 200.000000 2.000000 200.000000 0.000000 800.000000 2.000000 1.000000 20.000000 1.000000 0.000000 0.000000 0.000000 200.000000 2.000000 200.000000 0.000000 
20:39:11.011 800.000000 2.000000 1.000000 20.000000 1.000000 0.000000 0.000000 0.000000 200.000000 2.000000 200.000000 0.000000 800.000000 2.000000 1.000000 20.000000 1.000000 0.000000 0.000000 0.000000 200.000000 2.000000 200.000000 0.000000 800.000000 2.000000 1.000000 20.000000 1.000000 0.000000 0.000000 0.000000 200.000000 2.000000 200.000000 0.000000 800.000000 2.000000 1.000000 20.000000 1.000000 0.000000 0.000000 0.000000 200.000000 2.000000 200.000000 0.000000 800.000000 2.000000 1.000000 20.000000 1.000000 0.000000 0.000000 0.000000 200.000000 2.000000 200.000000 0.000000 
20:39:41.011 800.000000 2.000000 1.000000 20.000000 1.000000 0.000000 0.000000 0.000000 200.000000 2.000000 200.000000 0.000000 800.000000 2.000000 1.000000 20.000000 1.000000 0.000000 0.000000 0.000000 200.000000 2.000000 200.000000 0.000000 800.000000 2.000000 1.000000 20.000000 1.000000 0.000000 0.000000 0.000000 200.000000 2.000000 200.000000 0.000000 800.000000 2.000000 1.000000 20.000000 1.000000 0.000000 0.000000 0.000000 200.000000 2.000000 200.000000 0.000000 800.000000 2.000000 1.000000 20.000000 1.000000 0.000000 0.000000 0.000000 200.000000 2.000000 200.000000 0.000000 
20:40:11.011 800.000000 2.000000 1.000000 20.000000 1.000000 0.000000 0.000000 0.000000 200.000000 2.000000 200.000000 0.000000 800.000000 2.000000 1.000000 20.000000 1.000000 0.000000 0.000000 0.000000 200.000000 2.000000 200.000000 0.000000 800.000000 2.000000 1.000000 20.000000 1.000000 0.000000 0.000000 0.000000 200.000000 2.000000 200.000000 0.000000 800.000000 2.000000 1.000000 20.000000 1.000000 0.000000 0.000000 0.000000 200.000000 2.000000 200.000000 0.000000 800.000000 2.000000 1.000000 20.000000 1.000000 0.000000 0.000000 0.000000 200.000000 2.000000 200.000000 0.000000 
20:40:41.011 800.000000 2.000000 1.000000 20.000000 1.000000 0.000000 0.000000 0.000000 200.000000 2.000000 200.000000 0.000000 800.000000 2.000000 1.000000 20.000000 1.000000 0.000000 0.000000 0.000000 200.000000 2.000000 200.000000 0.000000 800.000000 2.000000 1.000000 20.000000 1.000000 0.000000 0.000000 0.000000 200.000000 2.000000 200.000000 0.000000 800.000000 2.000000 1.000000 20.000000 1.000000 0.000000 0.000000 0.000000 200.000000 2.000000 200.000000 0.000000 800.000000 2.000000 1.000000 20.000000 1.000000 0.000000 0.000000 0.000000 200.000000 2.000000 200.000000 0.000000 
20:41:11.011 800.000000 2.000000 1.000000 20.000000 1.000000 0.000000 0.000000 0.000000 200.000000 2.000000 200.000000 0.000000 800.000000 2.000000 1.000000 20.000000 1.000000 0.000000 0.000000 0.000000 200.000000 2.000000 200.000000 0.000000 800.000000 2.000000 1.000000 20.000000 1.000000 0.000000 0.000000 0.000000 200.000000 2.000000 200.000000 0.000000 800.000000 2.000000 1.000000 20.000000 1.000000 0.000000 0.000000 0.000000 200.000000 2.000000 200.000000 0.000000 800.000000 2.000000 1.000000 20.000000 1.000000 0.000000 0.000000 0.000000 200.000000 2.000000 200.000000 0.000000 
20:41:41.011 800.000000 2.000000 1.000000 20.000000 1.000000 0.000000 0.000000 0.000000 200.000000 2.000000 200.000000 0.000000 800.000000 2.000000 1.000000 20.000000 1.000000 0.000000 0.000000 0.000000 200.000000 2.000000 200.000000 0.000000 800.000000 2.000000 1.000000 20.000000 1.000000 0.000000 0.000000 0.000000 200.000000 2.000000 200.000000 0.000000 800.000000 2.000000 1.000000 20.000000 1.000000 0.000000 0.000000 0.000000 200.000000 2.000000 200.000000 0.000000 800.000000 2.000000 1.000000 20.000000 1.000000 0.000000 0.000000 0.000000 200.000000 2.000000 200.000000 0.000000 
20:42:11.011 800.000000 2.000000 1.000000 20.000000 1.000000 0.000000 0.000000 0.000000 200.000000 2.000000 200.000000 0.000000 800.000000 2.000000 1.000000 20.000000 1.000000 0.000000 0.000000 0.000000 200.000000 2.000000 200.000000 0.000000 800.000000 2.000000 1.000000 20.000000 1.000000 0.000000 0.000000 0.000000 200.000000 2.000000 200.000000 0.000000 800.000000 2.000000 1.000000 20.000000 1.000000 0.000000 0.000000 0.000000 200.000000 2.000000 200.000000 0.000000 800.000000 2.000000 1.000000 20.000000 1.000000 0.000000 0.000000 0.000000 200.000000 2.000000 200.000000 0.000000 
20:42:41.011 800.000000 2.000000 1.000000 20.000000 1.000000 0.000000 0.000000 0.000000 200.000000 2.000000 200.000000 0.000000 800.000000 2.000000 1.000000 20.000000 1.000000 0.000000 0.000000 0.000000 200.000000 2.000000 200.000000 0.000000 800.000000 2.000000 1.000000 20.000000 1.000000 0.000000 0.000000 0.000000 200.000000 2.000000 200.000000 0.000000 800.000000 2.000000 1.000000 20.000000 1.000000 0.000000 0.000000 0.000000 200.000000 2.000000 200.000000 0.000000 800.000000 2.000000 1.000000 20.000000 1.000000 0.000000 0.000000 0.000000 200.000000 2.000000 200.000000 0.000000 
20:43:11.012 800.000000 2.000000 1.000000 20.000000 1.000000 0.000000 0.000000 0.000000 200.000000 2.000000 200.000000 0.000000 800.000000 2.000000 1.000000 20.000000 1.000000 0.000000 0.000000 0.000000 200.000000 2.000000 200.000000 0.000000 800.000000 2.000000 1.000000 20.000000 1.000000 0.000000 0.000000 0.000000 200.000000 2.000000 200.000000 0.000000 800.000000 2.000000 1.000000 20.000000 1.000000 0.000000 0.000000 0.000000 200.000000 2.000000 200.000000 0.000000 800.000000 2.000000 1.000000 20.000000 1.000000 0.000000 0.000000 0.000000 200.000000 2.000000 200.000000 0.000000 
20:43:41.011 800.000000 2.000000 1.000000 20.000000 1.000000 0.000000 0.000000 0.000000 200.000000 2.000000 200.000000 0.000000 800.000000 2.000000 1.000000 20.000000 1.000000 0.000000 0.000000 0.000000 200.000000 2.000000 200.000000 0.000000 800.000000 2.000000 1.000000 20.000000 1.000000 0.000000 0.000000 0.000000 200.000000 2.000000 200.000000 0.000000 800.000000 2.000000 1.000000 20.000000 1.000000 0.000000 0.000000 0.000000 200.000000 2.000000 200.000000 0.000000 800.000000 2.000000 1.000000 20.000000 1.000000 0.000000 0.000000 0.000000 200.000000 2.000000 200.000000 0.000000 
20:44:11.011 800.000000 2.000000 1.000000 20.000000 1.000000 0.000000 0.000000 0.000000 200.000000 2.000000 200.000000 0.000000 800.000000 2.000000 1.000000 20.000000 1.000000 0.000000 0.000000 0.000000 200.000000 2.000000 200.000000 0.000000 800.000000 2.000000 1.000000 20.000000 1.000000 0.000000 0.000000 0.000000 200.000000 2.000000 200.000000 0.000000 800.000000 2.000000 1.000000 20.000000 1.000000 0.000000 0.000000 0.000000 200.000000 2.000000 200.000000 0.000000 800.000000 2.000000 1.000000 20.000000 1.000000 0.000000 0.000000 0.000000 200.000000 2.000000 200.000000 0.000000 
20:44:41.011 800.000000 2.000000 1.000000 20.000000 1.000000 0.000000 0.000000 0.000000 200.000000 2.000000 200.000000 0.000000 800.000000 2.000000 1.000000 20.000000 1.000000 0.000000 0.000000 0.000000 200.000000 2.000000 200.000000 0.000000 800.000000 2.000000 1.000000 20.000000 1.000000 0.000000 0.000000 0.000000 200.000000 2.000000 200.000000 0.000000 800.000000 2.000000 1.000000 20.000000 1.000000 0.000000 0.000000 0.000000 200.000000 2.000000 200.000000 0.000000 800.000000 2.000000 1.000000 20.000000 1.000000 0.000000 0.000000 0.000000 200.000000 2.000000 200.000000 0.000000 
20:45:11.011 800.000000 2.000000 1.000000 20.000000 1.000000 0.000000 0.000000 0.000000 200.000000 2.000000 200.000000 0.000000 800.000000 2.000000 1.000000 20.000000 1.000000 0.000000 0.000000 0.000000 200.000000 2.000000 200.000000 0.000000 800.000000 2.000000 1.000000 20.000000 1.000000 0.000000 0.000000 0.000000 200.000000 2.000000 200.000000 0.000000 800.000000 2.000000 1.000000 20.000000 1.000000 0.000000 0.000000 0.000000 200.000000 2.000000 200.000000 0.000000 800.000000 2.000000 1.000000 20.000000 1.000000 0.000000 0.000000 0.000000 200.000000 2.000000 200.000000 0.000000 
20:45:41.011 800.000000 2.000000 1.000000 20.000000 1.000000 0.000000 0.000000 0.000000 200.000000 2.000000 200.000000 0.000000 800.000000 2.000000 1.000000 20.000000 1.000000 0.000000 0.000000 0.000000 200.000000 2.000000 200.000000 0.000000 800.000000 2.000000 1.000000 20.000000 1.000000 0.000000 0.000000 0.000000 200.000000 2.000000 200.000000 0.000000 800.000000 2.000000 1.000000 20.000000 1.000000 0.000000 0.000000 0.000000 200.000000 2.000000 200.000000 0.000000 800.000000 2.000000 1.000000 20.000000 1.000000 0.000000 0.000000 0.000000 200.000000 2.000000 200.000000 0.000000 
20:46:11.011 800.000000 2.000000 1.000000 20.000000 1.000000 0.000000 0.000000 0.000000 200.000000 2.000000 200.000000 0.000000 800.000000 2.000000 1.000000 20.000000 1.000000 0.000000 0.000000 0.000000 200.000000 2.000000 200.000000 0.000000 800.000000 2.000000 1.000000 20.000000 1.000000 0.000000 0.000000 0.000000 200.000000 2.000000 200.000000 0.000000 800.000000 2.000000 1.000000 20.000000 1.000000 0.000000 0.000000 0.000000 200.000000 2.000000 200.000000 0.000000 800.000000 2.000000 1.000000 20.000000 1.000000 0.000000 0.000000 0.000000 200.000000 2.000000 200.000000 0.000000 
20:46:41.012 800.000000 2.000000 1.000000 20.000000 1.000000 0.000000 0.000000 0.000000 200.000000 2.000000 200.000000 0.000000 800.000000 2.000000 1.000000 20.000000 1.000000 0.000000 0.000000 0.000000 200.000000 2.000000 200.000000 0.000000 800.000000 2.000000 1.000000 20.000000 1.000000 0.000000 0.000000 0.000000 200.000000 2.000000 200.000000 0.000000 800.000000 2.000000 1.000000 20.000000 1.000000 0.000000 0.000000 0.000000 200.000000 2.000000 200.000000 0.000000 800.000000 2.000000 1.000000 20.000000 1.000000 0.000000 0.000000 0.000000 200.000000 2.000000 200.000000 0.000000 
20:47:11.011 800.000000 2.000000 1.000000 20.000000 1.000000 0.000000 0.000000 0.000000 200.000000 2.000000 200.000000 0.000000 800.000000 2.000000 1.000000 20.000000 1.000000 0.000000 0.000000 0.000000 200.000000 2.000000 200.000000 0.000000 800.000000 2.000000 1.000000 20.000000 1.000000 0.000000 0.000000 0.000000 200.000000 2.000000 200.000000 0.000000 800.000000 2.000000 1.000000 20.000000 1.000000 0.000000 0.000000 0.000000 200.000000 2.000000 200.000000 0.000000 800.000000 2.000000 1.000000 20.000000 1.000000 0.000000 0.000000 0.000000 200.000000 2.000000 200.000000 0.000000 
20:47:41.011 800.000000 2.000000 1.000000 20.000000 1.000000 0.000000 0.000000 0.000000 200.000000 2.000000 200.000000 0.000000 800.000000 2.000000 1.000000 20.000000 1.000000 0.000000 0.000000 0.000000 200.000000 2.000000 200.000000 0.000000 800.000000 2.000000 1.000000 20.000000 1.000000 0.000000 0.000000 0.000000 200.000000 2.000000 200.000000 0.000000 800.000000 2.000000 1.000000 20.000000 1.000000 0.000000 0.000000 0.000000 200.000000 2.000000 200.000000 0.000000 800.000000 2.000000 1.000000 20.000000 1.000000 0.000000 0.000000 0.000000 200.000000 2.000000 200.000000 0.000000 
20:48:11.011 800.000000 2.000000 1.000000 20.000000 1.000000 0.000000 0.000000 0.000000 200.000000 2.000000 200.000000 0.000000 800.000000 2.000000 1.000000 20.000000 1.000000 0.000000 0.000000 0.000000 200.000000 2.000000 200.000000 0.000000 800.000000 2.000000 1.000000 20.000000 1.000000 0.000000 0.000000 0.000000 200.000000 2.000000 200.000000 0.000000 800.000000 2.000000 1.000000 20.000000 1.000000 0.000000 0.000000 0.000000 200.000000 2.000000 200.000000 0.000000 800.000000 2.000000 1.000000 20.000000 1.000000 0.000000 0.000000 0.000000 200.000000 2.000000 200.000000 0.000000 
20:48:41.011 800.000000 2.000000 1.000000 20.000000 1.000000 0.000000 0.000000 0.000000 200.000000 2.000000 200.000000 0.000000 800.000000 2.000000 1.000000 20.000000 1.000000 0.000000 0.000000 0.000000 200.000000 2.000000 200.000000 0.000000 800.000000 2.000000 1.000000 20.000000 1.000000 0.000000 0.000000 0.000000 200.000000 2.000000 200.000000 0.000000 800.000000 2.000000 1.000000 20.000000 1.000000 0.000000 0.000000 0.000000 200.000000 2.000000 200.000000 0.000000 800.000000 2.000000 1.000000 20.000000 1.000000 0.000000 0.000000 0.000000 200.000000 2.000000 200.000000 0.000000 
20:49:11.011 800.000000 2.000000 1.000000 20.000000 1.000000 0.000000 0.000000 0.000000 200.000000 2.000000 200.000000 0.000000 800.000000 2.000000 1.000000 20.000000 1.000000 0.000000 0.000000 0.000000 200.000000 2.000000 200.000000 0.000000 800.000000 2.000000 1.000000 20.000000 1.000000 0.000000 0.000000 0.000000 200.000000 2.000000 200.000000 0.000000 800.000000 2.000000 1.000000 20.000000 1.000000 0.000000 0.000000 0.000000 200.000000 2.000000 200.000000 0.000000 800.000000 2.000000 1.000000 20.000000 1.000000 0.000000 0.000000 0.000000 200.000000 2.000000 200.000000 0.000000 
20:49:41.011 800.000000 2.000000 1.000000 20.000000 1.000000 0.000000 0.000000 0.000000 200.000000 2.000000 200.000000 0.000000 800.000000 2.000000 1.000000 20.000000 1.000000 0.000000 0.000000 0.000000 200.000000 2.000000 200.000000 0.000000 800.000000 2.000000 1.000000 20.000000 1.000000 0.000000 0.000000 0.000000 200.000000 2.000000 200.000000 0.000000 800.000000 2.000000 1.000000 20.000000 1.000000 0.000000 0.000000 0.000000 200.000000 2.000000 200.000000 0.000000 800.000000 2.000000 1.000000 20.000000 1.000000 0.000000 0.000000 0.000000 200.000000 2.000000 200.000000 0.000000 
20:50:11.011 800.000000 2.000000 1.000000 20.000000 1.000000 0.000000 0.000000 0.000000 200.000000 2.000000 200.000000 0.000000 800.000000 2.000000 1.000000 20.000000 1.000000 0.000000 0.000000 0.000000 200.000000 2.000000 200.000000 0.000000 800.000000 2.000000 1.000000 20.000000 1.000000 0.000000 0.000000 0.000000 200.000000 2.000000 200.000000 0.000000 800.000000 2.000000 1.000000 20.000000 1.000000 0.000000 0.000000 0.000000 200.000000 2.000000 200.000000 0.000000 800.000000 2.000000 1.000000 20.000000 1.000000 0.000000 0.000000 0.000000 200.000000 2.000000 200.000000 0.000000 
20:50:41.011 800.000000 2.000000 1.000000 20.000000 1.000000 0.000000 0.000000 0.000000 200.000000 2.000000 200.000000 0.000000 800.000000 2.000000 1.000000 20.000000 1.000000 0.000000 0.000000 0.000000 200.000000 2.000000 200.000000 0.000000 800.000000 2.000000 1.000000 20.000000 1.000000 0.000000 0.000000 0.000000 200.000000 2.000000 200.000000 0.000000 800.000000 2.000000 1.000000 20.000000 1.000000 0.000000 0.000000 0.000000 200.000000 2.000000 200.000000 0.000000 800.000000 2.000000 1.000000 20.000000 1.000000 0.000000 0.000000 0.000000 200.000000 2.000000 200.000000 0.000000 
20:51:11.011 800.000000 2.000000 1.000000 20.000000 1.000000 0.000000 0.000000 0.000000 200.000000 2.000000 200.000000 0.000000 800.000000 2.000000 1.000000 20.000000 1.000000 0.000000 0.000000 0.000000 200.000000 2.000000 200.000000 0.000000 800.000000 2.000000 1.000000 20.000000 1.000000 0.000000 0.000000 0.000000 200.000000 2.000000 200.000000 0.000000 800.000000 2.000000 1.000000 20.000000 1.000000 0.000000 0.000000 0.000000 200.000000 2.000000 200.000000 0.000000 800.000000 2.000000 1.000000 20.000000 1.000000 0.000000 0.000000 0.000000 200.000000 2.000000 200.000000 0.000000 
20:51:41.011 800.000000 2.000000 1.000000 20.000000 1.000000 0.000000 0.000000 0.000000 200.000000 2.000000 200.000000 0.000000 800.000000 2.000000 1.000000 20.000000 1.000000 0.000000 0.000000 0.000000 200.000000 2.000000 200.000000 0.000000 800.000000 2.000000 1.000000 20.000000 1.000000 0.000000 0.000000 0.000000 200.000000 2.000000 200.000000 0.000000 800.000000 2.000000 1.000000 20.000000 1.000000 0.000000 0.000000 0.000000 200.000000 2.000000 200.000000 0.000000 800.000000 2.000000 1.000000 20.000000 1.000000 0.000000 0.000000 0.000000 200.000000 2.000000 200.000000 0.000000 
20:52:11.012 800.000000 2.000000 1.000000 20.000000 1.000000 0.000000 0.000000 0.000000 200.000000 2.000000 200.000000 0.000000 800.000000 2.000000 1.000000 20.000000 1.000000 0.000000 0.000000 0.000000 200.000000 2.000000 200.000000 0.000000 800.000000 2.000000