0.000000 905.575012 1173.287476 1236.812500 347.462524 683.237488 674.162537 610.637512 549.381287 488.125000 894.231262 1300.337402 
0.000000 898.028564 1163.510010 1226.505737 344.566986 677.543884 668.544495 605.548889 544.803101 484.057312 886.779358 1289.501343 
0.000000 898.091431 1163.591553 1226.591553 344.591125 677.591309 668.591309 605.591248 544.841248 484.091187 886.841431 1289.591553 
0.000000 898.090942 1163.590820 1226.590820 344.590912 677.590942 668.590942 605.590942 544.840942 484.090912 886.840942 1289.590820 
0.000000 898.090942 1163.590820 1226.590820 344.590912 677.590942 668.590942 605.590942 544.840942 484.090912 886.840942 1289.590820 
0.000000 898.503418 1164.003418 1227.003418 345.003387 678.003418 669.003418 606.003418 545.253418 484.503387 887.253418 1290.003418 
0.000000 898.499939 1164.000000 1227.000000 344.999969 677.999939 668.999939 605.999939 545.249939 484.499969 887.249939 1290.000000 
0.000000 898.935608 1164.435547 1227.435547 345.435608 678.435608 669.435608 606.435608 545.685608 484.935608 887.685608 1290.435547 
0.000000 771.716736 1059.904175 1454.141724 367.954254 669.191772 619.354248 601.729248 522.829224 443.929230 853.485474 1263.041626 
0.000000 773.102478 1061.100952 1452.578125 368.092163 669.594360 620.097168 602.094055 523.345276 444.596527 854.096069 1263.595703 
0.000000 773.029480 1061.029419 1452.529663 368.029572 669.529541 620.029480 602.029541 523.279541 444.529541 854.029480 1263.529541 
0.000000 772.862854 1060.862793 1452.362793 367.862793 669.362793 619.862854 601.862793 523.112793 444.362793 853.862854 1263.362793 
0.000000 772.723206 1060.723267 1452.223267 367.723267 669.223206 619.723206 601.723206 522.973206 444.223267 853.723206 1263.223267 
0.000000 772.629395 1060.629395 1452.129395 367.629395 669.129395 619.629395 601.629395 522.879395 444.129395 853.629395 1263.129395 
0.000000 772.630188 1060.630249 1452.130249 367.630157 669.130188 619.630188 601.630188 522.880188 444.130157 853.630188 1263.130249 
0.000000 772.630188 1060.630249 1452.130249 367.630157 669.130188 619.630188 601.630188 522.880188 444.130157 853.630188 1263.130249 
