15:16:15.192 1.000000 1.000000 1.000000 20.000000 1.000000 0.000000 0.000000 0.000000 0.000000 0.000000 0.000000 0.000000 1.000000 1.000000 1.000000 20.000000 1.000000 0.000000 0.000000 0.000000 0.000000 0.000000 0.000000 0.000000 1.000000 1.000000 1.000000 20.000000 1.000000 0.000000 0.000000 0.000000 0.000000 0.000000 0.000000 0.000000 1.000000 1.000000 1.000000 20.000000 1.000000 0.000000 0.000000 0.000000 0.000000 0.000000 0.000000 0.000000 1.000000 1.000000 1.000000 20.000000 1.000000 0.000000 0.000000 0.000000 0.000000 0.000000 0.000000 0.000000 
15:16:45.192 1.000000 1.000000 1.000000 20.000000 1.000000 0.000000 0.000000 0.000000 0.000000 0.000000 0.000000 0.000000 1.000000 1.000000 1.000000 20.000000 1.000000 0.000000 0.000000 0.000000 0.000000 0.000000 0.000000 0.000000 1.000000 1.000000 1.000000 20.000000 1.000000 0.000000 0.000000 0.000000 0.000000 0.000000 0.000000 0.000000 1.000000 1.000000 1.000000 20.000000 1.000000 0.000000 0.000000 0.000000 0.000000 0.000000 0.000000 0.000000 1.000000 1.000000 1.000000 20.000000 1.000000 0.000000 0.000000 0.000000 0.000000 0.000000 0.000000 0.000000 
15:17:15.192 1.000000 1.000000 1.000000 20.000000 1.000000 0.000000 0.000000 0.000000 0.000000 0.000000 0.000000 0.000000 1.000000 1.000000 1.000000 20.000000 1.000000 0.000000 0.000000 0.000000 0.000000 0.000000 0.000000 0.000000 1.000000 1.000000 1.000000 20.000000 1.000000 0.000000 0.000000 0.000000 0.000000 0.000000 0.000000 0.000000 800.000000 2.000000 1.000000 20.000000 1.000000 0.000000 0.000000 0.000000 200.000000 2.000000 200.000000 0.000000 1.000000 1.000000 1.000000 20.000000 1.000000 0.000000 0.000000 0.000000 0.000000 0.000000 0.000000 0.000000 
15:17:45.192 800.000000 2.000000 1.000000 20.000000 1.000000 0.000000 0.000000 0.000000 200.000000 2.000000 200.000000 0.000000 1.000000 1.000000 1.000000 20.000000 1.000000 0.000000 0.000000 0.000000 0.000000 0.000000 0.000000 0.000000 1.000000 1.000000 1.000000 20.000000 1.000000 0.000000 0.000000 0.000000 0.000000 0.000000 0.000000 0.000000 800.000000 2.000000 1.000000 20.000000 1.000000 0.000000 0.000000 0.000000 200.000000 2.000000 200.000000 0.000000 1.000000 1.000000 1.000000 20.000000 1.000000 0.000000 0.000000 0.000000 0.000000 0.000000 0.000000 0.000000 
15:18:15.192 800.000000 2.000000 1.000000 20.000000 1.000000 0.000000 0.000000 0.000000 200.000000 2.000000 200.000000 0.000000 1.000000 1.000000 1.000000 20.000000 1.000000 0.000000 0.000000 0.000000 0.000000 0.000000 0.000000 0.000000 1.000000 1.000000 1.000000 20.000000 1.000000 0.000000 0.000000 0.000000 0.000000 0.000000 0.000000 0.000000 800.000000 2.000000 1.000000 20.000000 1.000000 0.000000 0.000000 0.000000 200.000000 2.000000 200.000000 0.000000 1.000000 1.000000 1.000000 20.000000 1.000000 0.000000 0.000000 0.000000 0.000000 0.000000 0.000000 0.000000 
15:18:45.192 800.000000 2.000000 1.000000 20.000000 1.000000 0.000000 0.000000 0.000000 200.000000 2.000000 200.000000 0.000000 1.000000 1.000000 1.000000 20.000000 1.000000 0.000000 0.000000 0.000000 0.000000 0.000000 0.000000 0.000000 1.000000 1.000000 1.000000 20.000000 1.000000 0.000000 0.000000 0.000000 0.000000 0.000000 0.000000 0.000000 800.000000 2.000000 1.000000 20.000000 1.000000 0.000000 0.000000 0.000000 200.000000 2.000000 200.000000 0.000000 1.000000 1.000000 1.000000 20.000000 1.000000 0.000000 0.000000 0.000000 0.000000 0.000000 0.000000 0.000000 
15:19:15.192 800.000000 2.000000 1.000000 20.000000 1.000000 0.000000 0.000000 0.000000 200.000000 2.000000 200.000000 0.000000 1.000000 1.000000 1.000000 20.000000 1.000000 0.000000 0.000000 0.000000 0.000000 0.000000 0.000000 0.000000 800.000000 2.000000 1.000000 20.000000 1.000000 0.000000 0.000000 0.000000 200.000000 2.000000 200.000000 0.000000 800.000000 2.000000 1.000000 20.000000 1.000000 0.000000 0.000000 0.000000 200.000000 2.000000 200.000000 0.000000 1.000000 1.000000 1.000000 20.000000 1.000000 0.000000 0.000000 0.000000 0.000000 0.000000 0.000000 0.000000 
15:19:45.192 800.000000 2.000000 1.000000 20.000000 1.000000 0.000000 0.000000 0.000000 200.000000 2.000000 200.000000 0.000000 1.000000 1.000000 1.000000 20.000000 1.000000 0.000000 0.000000 0.000000 0.000000 0.000000 0.000000 0.000000 800.000000 2.000000 1.000000 20.000000 1.000000 0.000000 0.000000 0.000000 200.000000 2.000000 200.000000 0.000000 800.000000 2.000000 1.000000 20.000000 1.000000 0.000000 0.000000 0.000000 200.000000 2.000000 200.000000 0.000000 1.000000 1.000000 1.000000 20.000000 1.000000 0.000000 0.000000 0.000000 0.000000 0.000000 0.000000 0.000000 
15:20:15.192 800.000000 2.000000 1.000000 20.000000 1.000000 0.000000 0.000000 0.000000 200.000000 2.000000 200.000000 0.000000 1.000000 1.000000 1.000000 20.000000 1.000000 0.000000 0.000000 0.000000 0.000000 0.000000 0.000000 0.000000 800.000000 2.000000 1.000000 20.000000 1.000000 0.000000 0.000000 0.000000 200.000000 2.000000 200.000000 0.000000 800.000000 2.000000 1.000000 20.000000 1.000000 0.000000 0.000000 0.000000 200.000000 2.000000 200.000000 0.000000 1.000000 1.000000 1.000000 20.000000 1.000000 0.000000 0.000000 0.000000 0.000000 0.000000 0.000000 0.000000 
15:20:45.192 800.000000 2.000000 1.000000 20.000000 1.000000 0.000000 0.000000 0.000000 200.000000 2.000000 200.000000 0.000000 1.000000 1.000000 1.000000 20.000000 1.000000 0.000000 0.000000 0.000000 0.000000 0.000000 0.000000 0.000000 800.000000 2.000000 1.000000 20.000000 1.000000 0.000000 0.000000 0.000000 200.000000 2.000000 200.000000 0.000000 800.000000 2.000000 1.000000 20.000000 1.000000 0.000000 0.000000 0.000000 200.000000 2.000000 200.000000 0.000000 1.000000 1.000000 1.000000 20.000000 1.000000 0.000000 0.000000 0.000000 0.000000 0.000000 0.000000 0.000000 
15:21:15.192 800.000000 2.000000 1.000000 20.000000 1.000000 0.000000 0.000000 0.000000 200.000000 2.000000 200.000000 0.000000 1.000000 1.000000 1.000000 20.000000 1.000000 0.000000 0.000000 0.000000 0.000000 0.000000 0.000000 0.000000 800.000000 2.000000 1.000000 20.000000 1.000000 0.000000 0.000000 0.000000 200.000000 2.000000 200.000000 0.000000 800.000000 2.000000 1.000000 20.000000 1.000000 0.000000 0.000000 0.000000 200.000000 2.000000 200.000000 0.000000 1.000000 1.000000 1.000000 20.000000 1.000000 0.000000 0.000000 0.000000 0.000000 0.000000 0.000000 0.000000 
15:21:45.192 800.000000 2.000000 1.000000 20.000000 1.000000 0.000000 0.000000 0.000000 200.000000 2.000000 200.000000 0.000000 1.000000 1.000000 1.000000 20.000000 1.000000 0.000000 0.000000 0.000000 0.000000 0.000000 0.000000 0.000000 800.000000 2.000000 1.000000 20.000000 1.000000 0.000000 0.000000 0.000000 200.000000 2.000000 200.000000 0.000000 800.000000 2.000000 1.000000 20.000000 1.000000 0.000000 0.000000 0.000000 200.000000 2.000000 200.000000 0.000000 1.000000 1.000000 1.000000 20.000000 1.000000 0.000000 0.000000 0.000000 0.000000 0.000000 0.000000 0.000000 
15:22:15.192 800.000000 2.000000 1.000000 20.000000 1.000000 0.000000 0.000000 0.000000 200.000000 2.000000 200.000000 0.000000 1.000000 1.000000 1.000000 20.000000 1.000000 0.000000 0.000000 0.000000 0.000000 0.000000 0.000000 0.000000 800.000000 2.000000 1.000000 20.000000 1.000000 0.000000 0.000000 0.000000 200.000000 2.000000 200.000000 0.000000 800.000000 2.000000 1.000000 20.000000 1.000000 0.000000 0.000000 0.000000 200.000000 2.000000 200.000000 0.000000 1.000000 1.000000 1.000000 20.000000 1.000000 0.000000 0.000000 0.000000 0.000000 0.000000 0.000000 0.000000 
15:22:45.192 800.000000 2.000000 1.000000 20.000000 1.000000 0.000000 0.000000 0.000000 200.000000 2.000000 200.000000 0.000000 1.000000 1.000000 1.000000 20.000000 1.000000 0.000000 0.000000 0.000000 0.000000 0.000000 0.000000 0.000000 800.000000 2.000000 1.000000 20.000000 1.000000 0.000000 0.000000 0.000000 200.000000 2.000000 200.000000 0.000000 800.000000 2.000000 1.000000 20.000000 1.000000 0.000000 0.000000 0.000000 200.000000 2.000000 200.000000 0.000000 1.000000 1.000000 1.000000 20.000000 1.000000 0.000000 0.000000 0.000000 0.000000 0.000000 0.000000 0.000000 
15:23:15.192 800.000000 2.000000 1.000000 20.000000 1.000000 0.000000 0.000000 0.000000 200.000000 2.000000 200.000000 0.000000 1.000000 1.000000 1.000000 20.000000 1.000000 0.000000 0.000000 0.000000 0.000000 0.000000 0.000000 0.000000 800.000000 2.000000 1.000000 20.000000 1.000000 0.000000 0.000000 0.000000 200.000000 2.000000 200.000000 0.000000 800.000000 2.000000 1.000000 20.000000 1.000000 0.000000 0.000000 0.000000 200.000000 2.000000 200.000000 0.000000 1.000000 1.000000 1.000000 20.000000 1.000000 0.000000 0.000000 0.000000 0.000000 0.000000 0.000000 0.000000 
15:23:45.192 800.000000 2.000000 1.000000 20.000000 1.000000 0.000000 0.000000 0.000000 200.000000 2.000000 200.000000 0.000000 800.000000 2.000000 1.000000 20.000000 1.000000 0.000000 0.000000 0.000000 200.000000 2.000000 200.000000 0.000000 800.000000 2.000000 1.000000 20.000000 1.000000 0.000000 0.000000 0.000000 200.000000 2.000000 200.000000 0.000000 800.000000 2.000000 1.000000 20.000000 1.000000 0.000000 0.000000 0.000000 200.000000 2.000000 200.000000 0.000000 1.000000 1.000000 1.000000 20.000000 1.000000 0.000000 0.000000 0.000000 0.000000 0.000000 0.000000 0.000000 
