0.000000 728.762451 937.487488 1373.087524 320.387512 746.912476 842.199951 588.099976 508.693756 429.287506 824.049988 1218.812500 
0.000000 722.689453 929.675110 1361.645020 317.717621 740.688232 835.181641 583.199158 504.454651 425.710114 817.182922 1208.655762 
0.000000 722.740051 929.740173 1361.740479 317.739868 740.740051 835.240112 583.239990 504.489960 425.739929 817.240112 1208.740356 
0.000000 722.739624 929.739624 1361.739624 317.739685 740.739624 835.239624 583.239624 504.489685 425.739685 817.239624 1208.739624 
0.000000 722.739624 929.739624 1361.739624 317.739685 740.739624 835.239624 583.239624 504.489685 425.739685 817.239624 1208.739624 
0.000000 723.114624 930.114624 1362.114624 318.114685 741.114624 835.614624 583.614624 504.864685 426.114685 817.614624 1209.114624 
0.000000 723.111511 930.111511 1362.111572 318.111542 741.111511 835.611511 583.611511 504.861542 426.111542 817.611511 1209.111572 
0.000000 569.159668 830.609680 1407.809692 295.747162 605.309692 622.672180 602.084656 489.303406 376.522156 736.259644 1095.997192 
0.000000 570.277405 831.273621 1407.263550 295.768311 606.276123 624.281433 601.765503 489.267853 376.770203 736.772400 1096.774536 
0.000000 570.593628 831.593628 1407.593750 296.093689 606.593628 624.593567 602.093750 489.593689 377.093689 737.093689 1097.093750 
0.000000 570.529541 831.529541 1407.529541 296.029541 606.529541 624.529541 602.029541 489.529541 377.029541 737.029541 1097.029541 
