0.000000 860.325012 864.862488 1332.224976 324.900024 783.187500 746.887512 683.362488 613.031250 542.700012 889.818787 1236.937500 
0.000000 853.155640 857.655334 1321.123047 322.192505 776.660950 740.663452 677.667847 607.922668 538.177490 882.403625 1226.629639 
0.000000 853.215393 857.715393 1321.215576 322.215088 776.715332 740.715332 677.715271 607.965210 538.215210 882.465393 1226.715576 
0.000000 853.214905 857.714905 1321.214844 322.214874 776.714905 740.714905 677.714905 607.964905 538.214905 882.464905 1226.714844 
0.000000 853.214905 857.714905 1321.214844 322.214874 776.714905 740.714905 677.714905 607.964905 538.214905 882.464905 1226.714844 
0.000000 853.533630 858.033630 1321.533691 322.533600 777.033630 741.033630 678.033630 608.283630 538.533630 882.783630 1227.033691 
0.000000 853.530945 858.030945 1321.531006 322.530945 777.030945 741.030945 678.030945 608.280945 538.530945 882.780945 1227.031006 
0.000000 853.935364 858.435364 1321.935303 322.935333 777.435364 741.435364 678.435364 608.685364 538.935364 883.185364 1227.435303 
0.000000 853.766724 858.266724 1321.766724 322.766754 777.266724 741.266724 678.266724 608.516724 538.766724 883.016724 1227.266724 
0.000000 881.318726 1031.018799 1322.093750 413.843719 745.831238 646.306213 751.193726 699.593689 647.993713 933.256226 1218.518799 
0.000000 881.027649 1029.517700 1322.029541 413.023315 746.031738 647.036072 750.524536 698.773254 647.022034 932.776062 1218.530151 
0.000000 880.862854 1029.362915 1321.862793 412.862854 745.862793 646.862793 750.362854 698.612854 646.862915 932.612854 1218.362793 
0.000000 880.723206 1029.223267 1321.723267 412.723267 745.723206 646.723206 750.223206 698.473206 646.723206 932.473206 1218.223267 
0.000000 880.585632 1029.085571 1321.585571 412.585663 745.585632 646.585632 750.085632 698.335632 646.585632 932.335632 1218.085571 
0.000000 880.586792 1029.086792 1321.586792 412.586792 745.586792 646.586792 750.086792 698.336792 646.586792 932.336792 1218.086792 
0.000000 880.586792 1029.086670 1321.586670 412.586792 745.586792 646.586792 750.086792 698.336792 646.586792 932.336792 1218.086670 
0.000000 880.586792 1029.086670 1321.586670 412.586792 745.586792 646.586792 750.086792 698.336792 646.586792 932.336792 1218.086670 
0.000000 880.586792 1029.086670 1321.586670 412.586792 745.586792 646.586792 750.086792 698.336792 646.586792 932.336792 1218.086670 
0.000000 880.586792 1029.086670 1321.586670 412.586792 745.586792 646.586792 750.086792 698.336792 646.586792 932.336792 1218.086670 
0.000000 803.580505 952.080505 1430.618042 349.193024 709.418030 687.555542 827.355530 764.261780 701.168030 966.499268 1231.830566 
0.000000 804.222229 952.722229 1429.709473 349.721283 709.719421 687.214111 826.711609 763.712402 700.713196 966.214600 1231.716064 
0.000000 804.216858 952.716858 1429.717041 349.716888 709.716919 687.216980 826.716980 763.716980 700.716980 966.216980 1231.717041 
0.000000 804.216919 952.716919 1429.717041 349.716919 709.716919 687.216919 826.716919 763.716919 700.716919 966.216919 1231.717041 
0.000000 804.216919 952.716919 1429.717041 349.716919 709.716919 687.216919 826.716919 763.716919 700.716919 966.216919 1231.717041 
0.000000 804.216919 952.716919 1429.717041 349.716919 709.716919 687.216919 826.716919 763.716919 700.716919 966.216919 1231.717041 
0.000000 804.216919 952.716919 1429.717041 349.716919 709.716919 687.216919 826.716919 763.716919 700.716919 966.216919 1231.717041 
0.000000 804.216919 952.716919 1429.717041 349.716919 709.716919 687.216919 826.716919 763.716919 700.716919 966.216919 1231.717041 
0.000000 804.216919 952.716919 1429.717041 349.716919 709.716919 687.216919 826.716919 763.716919 700.716919 966.216919 1231.717041 
0.000000 804.216919 952.716919 1429.717041 349.716919 709.716919 687.216919 826.716919 763.716919 700.716919 966.216919 1231.717041 
0.000000 840.266907 979.691956 1529.291992 344.929443 718.541931 723.266907 726.641907 752.123169 777.604431 977.310669 1177.016968 
0.000000 839.966492 979.467163 1528.462158 344.969330 718.468384 722.966492 727.475891 752.219788 776.963684 977.218262 1177.472778 
0.000000 839.968994 979.468994 1528.469116 344.968994 718.468994 722.968994 727.468933 752.218994 776.969055 977.218994 1177.468994 
0.000000 839.968994 979.468994 1528.469116 344.968994 718.468994 722.968994 727.468994 752.218994 776.968994 977.218994 1177.469116 
0.000000 839.968994 979.468994 1528.469116 344.968994 718.468994 722.968994 727.468994 752.218994 776.968994 977.218994 1177.469116 
0.000000 839.968994 979.468994 1528.469116 344.968994 718.468994 722.968994 727.468994 752.218994 776.968994 977.218994 1177.469116 
0.000000 839.968994 979.468994 1528.469116 344.968994 718.468994 722.968994 727.468994 752.218994 776.968994 977.218994 1177.469116 
0.000000 839.968994 979.468994 1528.469116 344.968994 718.468994 722.968994 727.468994 752.218994 776.968994 977.218994 1177.469116 
0.000000 839.968994 979.468994 1528.469116 344.968994 718.468994 722.968994 727.468994 752.218994 776.968994 977.218994 1177.469116 
0.000000 839.968994 979.468994 1528.469116 344.968994 718.468994 722.968994 727.468994 752.218994 776.968994 977.218994 1177.469116 
0.000000 812.737793 1033.912720 1523.925171 472.012756 668.550293 777.412781 645.787781 604.744019 563.700256 861.506531 1159.312744 
0.000000 812.964722 1033.458984 1523.963135 470.954071 668.966248 776.959045 646.468445 605.972961 565.477539 862.470764 1159.463989 
0.000000 812.962830 1033.462769 1523.962769 470.962891 668.962769 776.962830 646.462769 605.962708 565.462708 862.462769 1159.462769 
0.000000 812.962830 1033.462769 1523.962769 470.962830 668.962830 776.962830 646.462830 605.962830 565.462830 862.462830 1159.462769 
0.000000 812.962830 1033.462769 1523.962769 470.962830 668.962830 776.962830 646.462830 605.962830 565.462830 862.462830 1159.462769 
0.000000 812.962830 1033.462769 1523.962769 470.962830 668.962830 776.962830 646.462830 605.962830 565.462830 862.462830 1159.462769 
0.000000 812.962830 1033.462769 1523.962769 470.962830 668.962830 776.962830 646.462830 605.962830 565.462830 862.462830 1159.462769 
0.000000 812.962830 1033.462769 1523.962769 470.962830 668.962830 776.962830 646.462830 605.962830 565.462830 862.462830 1159.462769 
0.000000 812.962830 1033.462769 1523.962769 470.962830 668.962830 776.962830 646.462830 605.962830 565.462830 862.462830 1159.462769 
0.000000 812.962830 1033.462769 1523.962769 470.962830 668.962830 776.962830 646.462830 605.962830 565.462830 862.462830 1159.462769 
0.000000 699.700317 1033.637817 1279.112793 344.087799 719.050293 772.600281 569.500305 497.237823 424.975311 808.187805 1191.400269 
0.000000 700.644165 1033.636353 1281.153198 345.145111 718.632935 772.636658 570.141663 498.143860 426.146027 808.640076 1191.134155 
0.000000 700.636292 1033.636353 1281.136230 345.136292 718.636414 772.636353 570.136292 498.136292 426.136292 808.636353 1191.136353 
0.000000 700.636353 1033.636353 1281.136353 345.136353 718.636353 772.636353 570.136353 498.136353 426.136353 808.636353 1191.136353 
