15:25:52.077 1.000000 1.000000 1.000000 20.000000 1.000000 0.000000 0.000000 0.000000 0.000000 0.000000 0.000000 0.000000 1.000000 1.000000 1.000000 20.000000 1.000000 0.000000 0.000000 0.000000 0.000000 0.000000 0.000000 0.000000 1.000000 1.000000 1.000000 20.000000 1.000000 0.000000 0.000000 0.000000 0.000000 0.000000 0.000000 0.000000 1.000000 1.000000 1.000000 20.000000 1.000000 0.000000 0.000000 0.000000 0.000000 0.000000 0.000000 0.000000 1.000000 1.000000 1.000000 20.000000 1.000000 0.000000 0.000000 0.000000 0.000000 0.000000 0.000000 0.000000 
15:26:22.077 1.000000 1.000000 1.000000 20.000000 1.000000 0.000000 0.000000 0.000000 0.000000 0.000000 0.000000 0.000000 1.000000 1.000000 1.000000 20.000000 1.000000 0.000000 0.000000 0.000000 0.000000 0.000000 0.000000 0.000000 1.000000 1.000000 1.000000 20.000000 1.000000 0.000000 0.000000 0.000000 0.000000 0.000000 0.000000 0.000000 1.000000 1.000000 1.000000 20.000000 1.000000 0.000000 0.000000 0.000000 0.000000 0.000000 0.000000 0.000000 1.000000 1.000000 1.000000 20.000000 1.000000 0.000000 0.000000 0.000000 0.000000 0.000000 0.000000 0.000000 
15:26:52.077 1.000000 1.000000 1.000000 20.000000 1.000000 0.000000 0.000000 0.000000 0.000000 0.000000 0.000000 0.000000 1.000000 1.000000 1.000000 20.000000 1.000000 0.000000 0.000000 0.000000 0.000000 0.000000 0.000000 0.000000 1.000000 1.000000 1.000000 20.000000 1.000000 0.000000 0.000000 0.000000 0.000000 0.000000 0.000000 0.000000 1.000000 1.000000 1.000000 20.000000 1.000000 0.000000 0.000000 0.000000 0.000000 0.000000 0.000000 0.000000 800.000000 2.000000 1.000000 20.000000 1.000000 0.000000 0.000000 0.000000 200.000000 2.000000 200.000000 0.000000 
15:27:22.077 1.000000 1.000000 1.000000 20.000000 1.000000 0.000000 0.000000 0.000000 0.000000 0.000000 0.000000 0.000000 800.000000 2.000000 1.000000 20.000000 1.000000 0.000000 0.000000 0.000000 200.000000 2.000000 200.000000 0.000000 1.000000 1.000000 1.000000 20.000000 1.000000 0.000000 0.000000 0.000000 0.000000 0.000000 0.000000 0.000000 1.000000 1.000000 1.000000 20.000000 1.000000 0.000000 0.000000 0.000000 0.000000 0.000000 0.000000 0.000000 800.000000 2.000000 1.000000 20.000000 1.000000 0.000000 0.000000 0.000000 200.000000 2.000000 200.000000 0.000000 
15:27:52.077 1.000000 1.000000 1.000000 20.000000 1.000000 0.000000 0.000000 0.000000 0.000000 0.000000 0.000000 0.000000 800.000000 2.000000 1.000000 20.000000 1.000000 0.000000 0.000000 0.000000 200.000000 2.000000 200.000000 0.000000 1.000000 1.000000 1.000000 20.000000 1.000000 0.000000 0.000000 0.000000 0.000000 0.000000 0.000000 0.000000 1.000000 1.000000 1.000000 20.000000 1.000000 0.000000 0.000000 0.000000 0.000000 0.000000 0.000000 0.000000 800.000000 2.000000 1.000000 20.000000 1.000000 0.000000 0.000000 0.000000 200.000000 2.000000 200.000000 0.000000 
15:28:22.077 1.000000 1.000000 1.000000 20.000000 1.000000 0.000000 0.000000 0.000000 0.000000 0.000000 0.000000 0.000000 800.000000 2.000000 1.000000 20.000000 1.000000 0.000000 0.000000 0.000000 200.000000 2.000000 200.000000 0.000000 1.000000 1.000000 1.000000 20.000000 1.000000 0.000000 0.000000 0.000000 0.000000 0.000000 0.000000 0.000000 1.000000 1.000000 1.000000 20.000000 1.000000 0.000000 0.000000 0.000000 0.000000 0.000000 0.000000 0.000000 800.000000 2.000000 1.000000 20.000000 1.000000 0.000000 0.000000 0.000000 200.000000 2.000000 200.000000 0.000000 
15:28:52.077 1.000000 1.000000 1.000000 20.000000 1.000000 0.000000 0.000000 0.000000 0.000000 0.000000 0.000000 0.000000 800.000000 2.000000 1.000000 20.000000 1.000000 0.000000 0.000000 0.000000 200.000000 2.000000 200.000000 0.000000 800.000000 2.000000 1.000000 20.000000 1.000000 0.000000 0.000000 0.000000 200.000000 2.000000 200.000000 0.000000 1.000000 1.000000 1.000000 20.000000 1.000000 0.000000 0.000000 0.000000 0.000000 0.000000 0.000000 0.000000 800.000000 2.000000 1.000000 20.000000 1.000000 0.000000 0.000000 0.000000 200.000000 2.000000 200.000000 0.000000 
15:29:22.077 1.000000 1.000000 1.000000 20.000000 1.000000 0.000000 0.000000 0.000000 0.000000 0.000000 0.000000 0.000000 800.000000 2.000000 1.000000 20.000000 1.000000 0.000000 0.000000 0.000000 200.000000 2.000000 200.000000 0.000000 800.000000 2.000000 1.000000 20.000000 1.000000 0.000000 0.000000 0.000000 200.000000 2.000000 200.000000 0.000000 1.000000 1.000000 1.000000 20.000000 1.000000 0.000000 0.000000 0.000000 0.000000 0.000000 0.000000 0.000000 800.000000 2.000000 1.000000 20.000000 1.000000 0.000000 0.000000 0.000000 200.000000 2.000000 200.000000 0.000000 
15:29:52.077 1.000000 1.000000 1.000000 20.000000 1.000000 0.000000 0.000000 0.000000 0.000000 0.000000 0.000000 0.000000 800.000000 2.000000 1.000000 20.000000 1.000000 0.000000 0.000000 0.000000 200.000000 2.000000 200.000000 0.000000 800.000000 2.000000 1.000000 20.000000 1.000000 0.000000 0.000000 0.000000 200.000000 2.000000 200.000000 0.000000 1.000000 1.000000 1.000000 20.000000 1.000000 0.000000 0.000000 0.000000 0.000000 0.000000 0.000000 0.000000 800.000000 2.000000 1.000000 20.000000 1.000000 0.000000 0.000000 0.000000 200.000000 2.000000 200.000000 0.000000 
15:30:22.077 1.000000 1.000000 1.000000 20.000000 1.000000 0.000000 0.000000 0.000000 0.000000 0.000000 0.000000 0.000000 800.000000 2.000000 1.000000 20.000000 1.000000 0.000000 0.000000 0.000000 200.000000 2.000000 200.000000 0.000000 800.000000 2.000000 1.000000 20.000000 1.000000 0.000000 0.000000 0.000000 200.000000 2.000000 200.000000 0.000000 1.000000 1.000000 1.000000 20.000000 1.000000 0.000000 0.000000 0.000000 0.000000 0.000000 0.000000 0.000000 800.000000 2.000000 1.000000 20.000000 1.000000 0.000000 0.000000 0.000000 200.000000 2.000000 200.000000 0.000000 
15:30:52.077 1.000000 1.000000 1.000000 20.000000 1.000000 0.000000 0.000000 0.000000 0.000000 0.000000 0.000000 0.000000 800.000000 2.000000 1.000000 20.000000 1.000000 0.000000 0.000000 0.000000 200.000000 2.000000 200.000000 0.000000 800.000000 2.000000 1.000000 20.000000 1.000000 0.000000 0.000000 0.000000 200.000000 2.000000 200.000000 0.000000 1.000000 1.000000 1.000000 20.000000 1.000000 0.000000 0.000000 0.000000 0.000000 0.000000 0.000000 0.000000 800.000000 2.000000 1.000000 20.000000 1.000000 0.000000 0.000000 0.000000 200.000000 2.000000 200.000000 0.000000 
15:31:22.077 1.000000 1.000000 1.000000 20.000000 1.000000 0.000000 0.000000 0.000000 0.000000 0.000000 0.000000 0.000000 800.000000 2.000000 1.000000 20.000000 1.000000 0.000000 0.000000 0.000000 200.000000 2.000000 200.000000 0.000000 800.000000 2.000000 1.000000 20.000000 1.000000 0.000000 0.000000 0.000000 200.000000 2.000000 200.000000 0.000000 1.000000 1.000000 1.000000 20.000000 1.000000 0.000000 0.000000 0.000000 0.000000 0.000000 0.000000 0.000000 800.000000 2.000000 1.000000 20.000000 1.000000 0.000000 0.000000 0.000000 200.000000 2.000000 200.000000 0.000000 
15:31:52.077 800.000000 2.000000 1.000000 20.000000 1.000000 0.000000 0.000000 0.000000 200.000000 2.000000 200.000000 0.000000 800.000000 2.000000 1.000000 20.000000 1.000000 0.000000 0.000000 0.000000 200.000000 2.000000 200.000000 0.000000 800.000000 2.000000 1.000000 20.000000 1.000000 0.000000 0.000000 0.000000 200.000000 2.000000 200.000000 0.000000 1.000000 1.000000 1.000000 20.000000 1.000000 0.000000 0.000000 0.000000 0.000000 0.000000 0.000000 0.000000 800.000000 2.000000 1.000000 20.000000 1.000000 0.000000 0.000000 0.000000 200.000000 2.000000 200.000000 0.000000 
15:32:22.077 800.000000 2.000000 1.000000 20.000000 1.000000 0.000000 0.000000 0.000000 200.000000 2.000000 200.000000 0.000000 800.000000 2.000000 1.000000 20.000000 1.000000 0.000000 0.000000 0.000000 200.000000 2.000000 200.000000 0.000000 800.000000 2.000000 1.000000 20.000000 1.000000 0.000000 0.000000 0.000000 200.000000 2.000000 200.000000 0.000000 1.000000 1.000000 1.000000 20.000000 1.000000 0.000000 0.000000 0.000000 0.000000 0.000000 0.000000 0.000000 800.000000 2.000000 1.000000 20.000000 1.000000 0.000000 0.000000 0.000000 200.000000 2.000000 200.000000 0.000000 
15:32:52.077 800.000000 2.000000 1.000000 20.000000 1.000000 0.000000 0.000000 0.000000 200.000000 2.000000 200.000000 0.000000 800.000000 2.000000 1.000000 20.000000 1.000000 0.000000 0.000000 0.000000 200.000000 2.000000 200.000000 0.000000 800.000000 2.000000 1.000000 20.000000 1.000000 0.000000 0.000000 0.000000 200.000000 2.000000 200.000000 0.000000 1.000000 1.000000 1.000000 20.000000 1.000000 0.000000 0.000000 0.000000 0.000000 0.000000 0.000000 0.000000 800.000000 2.000000 1.000000 20.000000 1.000000 0.000000 0.000000 0.000000 200.000000 2.000000 200.000000 0.000000 
15:33:22.077 800.000000 2.000000 1.000000 20.000000 1.000000 0.000000 0.000000 0.000000 200.000000 2.000000 200.000000 0.000000 800.000000 2.000000 1.000000 20.000000 1.000000 0.000000 0.000000 0.000000 200.000000 2.000000 200.000000 0.000000 800.000000 2.000000 1.000000 20.000000 1.000000 0.000000 0.000000 0.000000 200.000000 2.000000 200.000000 0.000000 1.000000 1.000000 1.000000 20.000000 1.000000 0.000000 0.000000 0.000000 0.000000 0.000000 0.000000 0.000000 800.000000 2.000000 1.000000 20.000000 1.000000 0.000000 0.000000 0.000000 200.000000 2.000000 200.000000 0.000000 
15:33:52.077 800.000000 2.000000 1.000000 20.000000 1.000000 0.000000 0.000000 0.000000 200.000000 2.000000 200.000000 0.000000 800.000000 2.000000 1.000000 20.000000 1.000000 0.000000 0.000000 0.000000 200.000000 2.000000 200.000000 0.000000 800.000000 2.000000 1.000000 20.000000 1.000000 0.000000 0.000000 0.000000 200.000000 2.000000 200.000000 0.000000 1.000000 1.000000 1.000000 20.000000 1.000000 0.000000 0.000000 0.000000 0.000000 0.000000 0.000000 0.000000 800.000000 2.000000 1.000000 20.000000 1.000000 0.000000 0.000000 0.000000 200.000000 2.000000 200.000000 0.000000 
15:34:22.077 800.000000 2.000000 1.000000 20.000000 1.000000 0.000000 0.000000 0.000000 200.000000 2.000000 200.000000 0.000000 800.000000 2.000000 1.000000 20.000000 1.000000 0.000000 0.000000 0.000000 200.000000 2.000000 200.000000 0.000000 800.000000 2.000000 1.000000 20.000000 1.000000 0.000000 0.000000 0.000000 200.000000 2.000000 200.000000 0.000000 1.000000 1.000000 1.000000 20.000000 1.000000 0.000000 0.000000 0.000000 0.000000 0.000000 0.000000 0.000000 800.000000 2.000000 1.000000 20.000000 1.000000 0.000000 0.000000 0.000000 200.000000 2.000000 200.000000 0.000000 
15:34:52.077 800.000000 2.000000 1.000000 20.000000 1.000000 0.000000 0.000000 0.000000 200.000000 2.000000 200.000000 0.000000 800.000000 2.000000 1.000000 20.000000 1.000000 0.000000 0.000000 0.000000 200.000000 2.000000 200.000000 0.000000 800.000000 2.000000 1.000000 20.000000 1.000000 0.000000 0.000000 0.000000 200.000000 2.000000 200.000000 0.000000 1.000000 1.000000 1.000000 20.000000 1.000000 0.000000 0.000000 0.000000 0.000000 0.000000 0.000000 0.000000 800.000000 2.000000 1.000000 20.000000 1.000000 0.000000 0.000000 0.000000 200.000000 2.000000 200.000000 0.000000 
15:35:22.077 800.000000 2.000000 1.000000 20.000000 1.000000 0.000000 0.000000 0.000000 200.000000 2.000000 200.000000 0.000000 800.000000 2.000000 1.000000 20.000000 1.000000 0.000000 0.000000 0.000000 200.000000 2.000000 200.000000 0.000000 800.000000 2.000000 1.000000 20.000000 1.000000 0.000000 0.000000 0.000000 200.000000 2.000000 200.000000 0.000000 1.000000 1.000000 1.000000 20.000000 1.000000 0.000000 0.000000 0.000000 0.000000 0.000000 0.000000 0.000000 800.000000 2.000000 1.000000 20.000000 1.000000 0.000000 0.000000 0.000000 200.000000 2.000000 200.000000 0.000000 
15:35:52.077 800.000000 2.000000 1.000000 20.000000 1.000000 0.000000 0.000000 0.000000 200.000000 2.000000 200.000000 0.000000 800.000000 2.000000 1.000000 20.000000 1.000000 0.000000 0.000000 0.000000 200.000000 2.000000 200.000000 0.000000 800.000000 2.000000 1.000000 20.000000 1.000000 0.000000 0.000000 0.000000 200.000000 2.000000 200.000000 0.000000 1.000000 1.000000 1.000000 20.000000 1.000000 0.000000 0.000000 0.000000 0.000000 0.000000 0.000000 0.000000 800.000000 2.000000 1.000000 20.000000 1.000000 0.000000 0.000000 0.000000 200.000000 2.000000 200.000000 0.000000 
15:36:22.077 800.000000 2.000000 1.000000 20.000000 1.000000 0.000000 0.000000 0.000000 200.000000 2.000000 200.000000 0.000000 800.000000 2.000000 1.000000 20.000000 1.000000 0.000000 0.000000 0.000000 200.000000 2.000000 200.000000 0.000000 800.000000 2.000000 1.000000 20.000000 1.000000 0.000000 0.000000 0.000000 200.000000 2.000000 200.000000 0.000000 1.000000 1.000000 1.000000 20.000000 1.000000 0.000000 0.000000 0.000000 0.000000 0.000000 0.000000 0.000000 800.000000 2.000000 1.000000 20.000000 1.000000 0.000000 0.000000 0.000000 200.000000 2.000000 200.000000 0.000000 
15:36:52.077 800.000000 2.000000 1.000000 20.000000 1.000000 0.000000 0.000000 0.000000 200.000000 2.000000 200.000000 0.000000 800.000000 2.000000 1.000000 20.000000 1.000000 0.000000 0.000000 0.000000 200.000000 2.000000 200.000000 0.000000 800.000000 2.000000 1.000000 20.000000 1.000000 0.000000 0.000000 0.000000 200.000000 2.000000 200.000000 0.000000 1.000000 1.000000 1.000000 20.000000 1.000000 0.000000 0.000000 0.000000 0.000000 0.000000 0.000000 0.000000 800.000000 2.000000 1.000000 20.000000 1.000000 0.000000 0.000000 0.000000 200.000000 2.000000 200.000000 0.000000 
15:37:22.077 800.000000 2.000000 1.000000 20.000000 1.000000 0.000000 0.000000 0.000000 200.000000 2.000000 200.000000 0.000000 800.000000 2.000000 1.000000 20.000000 1.000000 0.000000 0.000000 0.000000 200.000000 2.000000 200.000000 0.000000 800.000000 2.000000 1.000000 20.000000 1.000000 0.000000 0.000000 0.000000 200.000000 2.000000 200.000000 0.000000 1.000000 1.000000 1.000000 20.000000 1.000000 0.000000 0.000000 0.000000 0.000000 0.000000 0.000000 0.000000 800.000000 2.000000 1.000000 20.000000 1.000000 0.000000 0.000000 0.000000 200.000000 2.000000 200.000000 0.000000 
15:37:52.077 800.000000 2.000000 1.000000 20.000000 1.000000 0.000000 0.000000 0.000000 200.000000 2.000000 200.000000 0.000000 800.000000 2.000000 1.000000 20.000000 1.000000 0.000000 0.000000 0.000000 200.000000 2.000000 200.000000 0.000000 800.000000 2.000000 1.000000 20.000000 1.000000 0.000000 0.000000 0.000000 200.000000 2.000000 200.000000 0.000000 1.000000 1.000000 1.000000 20.000000 1.000000 0.000000 0.000000 0.000000 0.000000 0.000000 0.000000 0.000000 800.000000 2.000000 1.000000 20.000000 1.000000 0.000000 0.000000 0.000000 200.000000 2.000000 200.000000 0.000000 
15:38:22.077 800.000000 2.000000 1.000000 20.000000 1.000000 0.000000 0.000000 0.000000 200.000000 2.000000 200.000000 0.000000 800.000000 2.000000 1.000000 20.000000 1.000000 0.000000 0.000000 0.000000 200.000000 2.000000 200.000000 0.000000 800.000000 2.000000 1.000000 20.000000 1.000000 0.000000 0.000000 0.000000 200.000000 2.000000 200.000000 0.000000 1.000000 1.000000 1.000000 20.000000 1.000000 0.000000 0.000000 0.000000 0.000000 0.000000 0.000000 0.000000 800.000000 2.000000 1.000000 20.000000 1.000000 0.000000 0.000000 0.000000 200.000000 2.000000 200.000000 0.000000 
15:38:52.077 800.000000 2.000000 1.000000 20.000000 1.000000 0.000000 0.000000 0.000000 200.000000 2.000000 200.000000 0.000000 800.000000 2.000000 1.000000 20.000000 1.000000 0.000000 0.000000 0.000000 200.000000 2.000000 200.000000 0.000000 800.000000 2.000000 1.000000 20.000000 1.000000 0.000000 0.000000 0.000000 200.000000 2.000000 200.000000 0.000000 1.000000 1.000000 1.000000 20.000000 1.000000 0.000000 0.000000 0.000000 0.000000 0.000000 0.000000 0.000000 800.000000 2.000000 1.000000 20.000000 1.000000 0.000000 0.000000 0.000000 200.000000 2.000000 200.000000 0.000000 
15:39:22.077 800.000000 2.000000 1.000000 20.000000 1.000000 0.000000 0.000000 0.000000 200.000000 2.000000 200.000000 0.000000 800.000000 2.000000 1.000000 20.000000 1.000000 0.000000 0.000000 0.000000 200.000000 2.000000 200.000000 0.000000 800.000000 2.000000 1.000000 20.000000 1.000000 0.000000 0.000000 0.000000 200.000000 2.000000 200.000000 0.000000 1.000000 1.000000 1.000000 20.000000 1.000000 0.000000 0.000000 0.000000 0.000000 0.000000 0.000000 0.000000 800.000000 2.000000 1.000000 20.000000 1.000000 0.000000 0.000000 0.000000 200.000000 2.000000 200.000000 0.000000 
15:39:52.077 800.000000 2.000000 1.000000 20.000000 1.000000 0.000000 0.000000 0.000000 200.000000 2.000000 200.000000 0.000000 800.000000 2.000000 1.000000 20.000000 1.000000 0.000000 0.000000 0.000000 200.000000 2.000000 200.000000 0.000000 800.000000 2.000000 1.000000 20.000000 1.000000 0.000000 0.000000 0.000000 200.000000 2.000000 200.000000 0.000000 1.000000 1.000000 1.000000 20.000000 1.000000 0.000000 0.000000 0.000000 0.000000 0.000000 0.000000 0.000000 800.000000 2.000000 1.000000 20.000000 1.000000 0.000000 0.000000 0.000000 200.000000 2.000000 200.000000 0.000000 
15:40:22.077 800.000000 2.000000 1.000000 20.000000 1.000000 0.000000 0.000000 0.000000 200.000000 2.000000 200.000000 0.000000 800.000000 2.000000 1.000000 20.000000 1.000000 0.000000 0.000000 0.000000 200.000000 2.000000 200.000000 0.000000 800.000000 2.000000 1.000000 20.000000 1.000000 0.000000 0.000000 0.000000 200.000000 2.000000 200.000000 0.000000 1.000000 1.000000 1.000000 20.000000 1.000000 0.000000 0.000000 0.000000 0.000000 0.000000 0.000000 0.000000 800.000000 2.000000 1.000000 20.000000 1.000000 0.000000 0.000000 0.000000 200.000000 2.000000 200.000000 0.000000 
15:40:52.077 800.000000 2.000000 1.000000 20.000000 1.000000 0.000000 0.000000 0.000000 200.000000 2.000000 200.000000 0.000000 800.000000 2.000000 1.000000 20.000000 1.000000 0.000000 0.000000 0.000000 200.000000 2.000000 200.000000 0.000000 800.000000 2.000000 1.000000 20.000000 1.000000 0.000000 0.000000 0.000000 200.000000 2.000000 200.000000 0.000000 1.000000 1.000000 1.000000 20.000000 1.000000 0.000000 0.000000 0.000000 0.000000 0.000000 0.000000 0.000000 800.000000 2.000000 1.000000 20.000000 1.000000 0.000000 0.000000 0.000000 200.000000 2.000000 200.000000 0.000000 
15:41:22.077 800.000000 2.000000 1.000000 20.000000 1.000000 0.000000 0.000000 0.000000 200.000000 2.000000 200.000000 0.000000 800.000000 2.000000 1.000000 20.000000 1.000000 0.000000 0.000000 0.000000 200.000000 2.000000 200.000000 0.000000 800.000000 2.000000 1.000000 20.000000 1.000000 0.000000 0.000000 0.000000 200.000000 2.000000 200.000000 0.000000 1.000000 1.000000 1.000000 20.000000 1.000000 0.000000 0.000000 0.000000 0.000000 0.000000 0.000000 0.000000 800.000000 2.000000 1.000000 20.000000 1.000000 0.000000 0.000000 0.000000 200.000000 2.000000 200.000000 0.000000 
15:41:52.077 800.000000 2.000000 1.000000 20.000000 1.000000 0.000000 0.000000 0.000000 200.000000 2.000000 200.000000 0.000000 800.000000 2.000000 1.000000 20.000000 1.000000 0.000000 0.000000 0.000000 200.000000 2.000000 200.000000 0.000000 800.000000 2.000000 1.000000 20.000000 1.000000 0.000000 0.000000 0.000000 200.000000 2.000000 200.000000 0.000000 1.000000 1.000000 1.000000 20.000000 1.000000 0.000000 0.000000 0.000000 0.000000 0.000000 0.000000 0.000000 800.000000 2.000000 1.000000 20.000000 1.000000 0.000000 0.000000 0.000000 200.000000 2.000000 200.000000 0.000000 
15:42:22.077 800.000000 2.000000 1.000000 20.000000 1.000000 0.000000 0.000000 0.000000 200.000000 2.000000 200.000000 0.000000 800.000000 2.000000 1.000000 20.000000 1.000000 0.000000 0.000000 0.000000 200.000000 2.000000 200.000000 0.000000 800.000000 2.000000 1.000000 20.000000 1.000000 0.000000 0.000000 0.000000 200.000000 2.000000 200.000000 0.000000 1.000000 1.000000 1.000000 20.000000 1.000000 0.000000 0.000000 0.000000 0.000000 0.000000 0.000000 0.000000 800.000000 2.000000 1.000000 20.000000 1.000000 0.000000 0.000000 0.000000 200.000000 2.000000 200.000000 0.000000 
15:42:52.077 800.000000 2.000000 1.000000 20.000000 1.000000 0.000000 0.000000 0.000000 200.000000 2.000000 200.000000 0.000000 800.000000 2.000000 1.000000 20.000000 1.000000 0.000000 0.000000 0.000000 200.000000 2.000000 200.000000 0.000000 800.000000 2.000000 1.000000 20.000000 1.000000 0.000000 0.000000 0.000000 200.000000 2.000000 200.000000 0.000000 1.000000 1.000000 1.000000 20.000000 1.000000 0.000000 0.000000 0.000000 0.000000 0.000000 0.000000 0.000000 800.000000 2.000000 1.000000 20.000000 1.000000 0.000000 0.000000 0.000000 200.000000 2.000000 200.000000 0.000000 
15:43:22.077 800.000000 2.000000 1.000000 20.000000 1.000000 0.000000 0.000000 0.000000 200.000000 2.000000 200.000000 0.000000 800.000000 2.000000 1.000000 20.000000 1.000000 0.000000 0.000000 0.000000 200.000000 2.000000 200.000000 0.000000 800.000000 2.000000 1.000000 20.000000 1.000000 0.000000 0.000000 0.000000 200.000000 2.000000 200.000000 0.000000 1.000000 1.000000 1.000000 20.000000 1.000000 0.000000 0.000000 0.000000 0.000000 0.000000 0.000000 0.000000 800.000000 2.000000 1.000000 20.000000 1.000000 0.000000 0.000000 0.000000 200.000000 2.000000 200.000000 0.000000 
15:43:52.077 800.000000 2.000000 1.000000 20.000000 1.000000 0.000000 0.000000 0.000000 200.000000 2.000000 200.000000 0.000000 800.000000 2.000000 1.000000 20.000000 1.000000 0.000000 0.000000 0.000000 200.000000 2.000000 200.000000 0.000000 800.000000 2.000000 1.000000 20.000000 1.000000 0.000000 0.000000 0.000000 200.000000 2.000000 200.000000 0.000000 1.000000 1.000000 1.000000 20.000000 1.000000 0.000000 0.000000 0.000000 0.000000 0.000000 0.000000 0.000000 800.000000 2.000000 1.000000 20.000000 1.000000 0.000000 0.000000 0.000000 200.000000 2.000000 200.000000 0.000000 
15:44:22.077 800.000000 2.000000 1.000000 20.000000 1.000000 0.000000 0.000000 0.000000 200.000000 2.000000 200.000000 0.000000 800.000000 2.000000 1.000000 20.000000 1.000000 0.000000 0.000000 0.000000 200.000000 2.000000 200.000000 0.000000 800.000000 2.000000 1.000000 20.000000 1.000000 0.000000 0.000000 0.000000 200.000000 2.000000 200.000000 0.000000 1.000000 1.000000 1.000000 20.000000 1.000000 0.000000 0.000000 0.000000 0.000000 0.000000 0.000000 0.000000 800.000000 2.000000 1.000000 20.000000 1.000000 0.000000 0.000000 0.000000 200.000000 2.000000 200.000000 0.000000 
15:44:52.077 800.000000 2.000000 1.000000 20.000000 1.000000 0.000000 0.000000 0.000000 200.000000 2.000000 200.000000 0.000000 800.000000 2.000000 1.000000 20.000000 1.000000 0.000000 0.000000 0.000000 200.000000 2.000000 200.000000 0.000000 800.000000 2.000000 1.000000 20.000000 1.000000 0.000000 0.000000 0.000000 200.000000 2.000000 200.000000 0.000000 1.000000 1.000000 1.000000 20.000000 1.000000 0.000000 0.000000 0.000000 0.000000 0.000000 0.000000 0.000000 800.000000 2.000000 1.000000 20.000000 1.000000 0.000000 0.000000 0.000000 200.000000 2.000000 200.000000 0.000000 
15:45:22.076 800.000000 2.000000 1.000000 20.000000 1.000000 0.000000 0.000000 0.000000 200.000000 2.000000 200.000000 0.000000 800.000000 2.000000 1.000000 20.000000 1.000000 0.000000 0.000000 0.000000 200.000000 2.000000 200.000000 0.000000 800.000000 2.000000 1.000000 20.000000 1.000000 0.000000 0.000000 0.000000 200.000000 2.000000 200.000000 0.000000 1.000000 1.000000 1.000000 20.000000 1.000000 0.000000 0.000000 0.000000 0.000000 0.000000 0.000000 0.000000 800.000000 2.000000 1.000000 20.000000 1.000000 0.000000 0.000000 0.000000 200.000000 2.000000 200.000000 0.000000 
15:45:52.077 800.000000 2.000000 1.000000 20.000000 1.000000 0.000000 0.000000 0.000000 200.000000 2.000000 200.000000 0.000000 800.000000 2.000000 1.000000 20.000000 1.000000 0.000000 0.000000 0.000000 200.000000 2.000000 200.000000 0.000000 800.000000 2.000000 1.000000 20.000000 1.000000 0.000000 0.000000 0.000000 200.000000 2.000000 200.000000 0.000000 1.000000 1.000000 1.000000 20.000000 1.000000 0.000000 0.000000 0.000000 0.000000 0.000000 0.000000 0.000000 800.000000 2.000000 1.000000 20.000000 1.000000 0.000000 0.000000 0.000000 200.000000 2.000000 200.000000 0.000000 
15:46:22.077 800.000000 2.000000 1.000000 20.000000 1.000000 0.000000 0.000000 0.000000 200.000000 2.000000 200.000000 0.000000 800.000000 2.000000 1.000000 20.000000 1.000000 0.000000 0.000000 0.000000 200.000000 2.000000 200.000000 0.000000 800.000000 2.000000 1.000000 20.000000 1.000000 0.000000 0.000000 0.000000 200.000000 2.000000 200.000000 0.000000 1.000000 1.000000 1.000000 20.000000 1.000000 0.000000 0.000000 0.000000 0.000000 0.000000 0.000000 0.000000 800.000000 2.000000 1.000000 20.000000 1.000000 0.000000 0.000000 0.000000 200.000000 2.000000 200.000000 0.000000 
15:46:52.077 800.000000 2.000000 1.000000 20.000000 1.000000 0.000000 0.000000 0.000000 200.000000 2.000000 200.000000 0.000000 800.000000 2.000000 1.000000 20.000000 1.000000 0.000000 0.000000 0.000000 200.000000 2.000000 200.000000 0.000000 800.000000 2.000000 1.000000 20.000000 1.000000 0.000000 0.000000 0.000000 200.000000 2.000000 200.000000 0.000000 1.000000 1.000000 1.000000 20.000000 1.000000 0.000000 0.000000 0.000000 0.000000 0.000000 0.000000 0.000000 800.000000 2.000000 1.000000 20.000000 1.000000 0.000000 0.000000 0.000000 200.000000 2.000000 200.000000 0.000000 
15:47:22.077 800.000000 2.000000 1.000000 20.000000 1.000000 0.000000 0.000000 0.000000 200.000000 2.000000 200.000000 0.000000 800.000000 2.000000 1.000000 20.000000 1.000000 0.000000 0.000000 0.000000 200.000000 2.000000 200.000000 0.000000 800.000000 2.000000 1.000000 20.000000 1.000000 0.000000 0.000000 0.000000 200.000000 2.000000 200.000000 0.000000 1.000000 1.000000 1.000000 20.000000 1.000000 0.000000 0.000000 0.000000 0.000000 0.000000 0.000000 0.000000 800.000000 2.000000 1.000000 20.000000 1.000000 0.000000 0.000000 0.000000 200.000000 2.000000 200.000000 0.000000 
15:47:52.077 800.000000 2.000000 1.000000 20.000000 1.000000 0.000000 0.000000 0.000000 200.000000 2.000000 200.000000 0.000000 800.000000 2.000000 1.000000 20.000000 1.000000 0.000000 0.000000 0.000000 200.000000 2.000000 200.000000 0.000000 800.000000 2.000000 1.000000 20.000000 1.000000 0.000000 0.000000 0.000000 200.000000 2.000000 200.000000 0.000000 1.000000 1.000000 1.000000 20.000000 1.000000 0.000000 0.000000 0.000000 0.000000 0.000000 0.000000 0.000000 800.000000 2.000000 1.000000 20.000000 1.000000 0.000000 0.000000 0.000000 200.000000 2.000000 200.000000 0.000000 
15:48:22.077 800.000000 2.000000 1.000000 20.000000 1.000000 0.000000 0.000000 0.000000 200.000000 2.000000 200.000000 0.000000 800.000000 2.000000 1.000000 20.000000 1.000000 0.000000 0.000000 0.000000 200.000000 2.000000 200.000000 0.000000 800.000000 2.000000 1.000000 20.000000 1.000000 0.000000 0.000000 0.000000 200.000000 2.000000 200.000000 0.000000 1.000000 1.000000 1.000000 20.000000 1.000000 0.000000 0.000000 0.000000 0.000000 0.000000 0.000000 0.000000 800.000000 2.000000 1.000000 20.000000 1.000000 0.000000 0.000000 0.000000 200.000000 2.000000 200.000000 0.000000 
15:48:52.077 800.000000 2.000000 1.000000 20.000000 1.000000 0.000000 0.000000 0.000000 200.000000 2.000000 200.000000 0.000000 800.000000 2.000000 1.000000 20.000000 1.000000 0.000000 0.000000 0.000000 200.000000 2.000000 200.000000 0.000000 800.000000 2.000000 1.000000 20.000000 1.000000 0.000000 0.000000 0.000000 200.000000 2.000000 200.000000 0.000000 1.000000 1.000000 1.000000 20.000000 1.000000 0.000000 0.000000 0.000000 0.000000 0.000000 0.000000 0.000000 800.000000 2.000000 1.000000 20.000000 1.000000 0.000000 0.000000 0.000000 200.000000 2.000000 200.000000 0.000000 
15:49:22.077 800.000000 2.000000 1.000000 20.000000 1.000000 0.000000 0.000000 0.000000 200.000000 2.000000 200.000000 0.000000 800.000000 2.000000 1.000000 20.000000 1.000000 0.000000 0.000000 0.000000 200.000000 2.000000 200.000000 0.000000 800.000000 2.000000 1.000000 20.000000 1.000000 0.000000 0.000000 0.000000 200.000000 2.000000 200.000000 0.000000 1.000000 1.000000 1.000000 20.000000 1.000000 0.000000 0.000000 0.000000 0.000000 0.000000 0.000000 0.000000 800.000000 2.000000 1.000000 20.000000 1.000000 0.000000 0.000000 0.000000 200.000000 2.000000 200.000000 0.000000 
15:49:52.077 800.000000 2.000000 1.000000 20.000000 1.000000 0.000000 0.000000 0.000000 200.000000 2.000000 200.000000 0.000000 800.000000 2.000000 1.000000 20.000000 1.000000 0.000000 0.000000 0.000000 200.000000 2.000000 200.000000 0.000000 800.000000 2.000000 1.000000 20.000000 1.000000 0.000000 0.000000 0.000000 200.000000 2.000000 200.000000 0.000000 1.000000 1.000000 1.000000 20.000000 1.000000 0.000000 0.000000 0.000000 0.000000 0.000000 0.000000 0.000000 800.000000 2.000000 1.000000 20.000000 1.000000 0.000000 0.000000 0.000000 200.000000 2.000000 200.000000 0.000000 
15:50:22.077 800.000000 2.000000 1.000000 20.000000 1.000000 0.000000 0.000000 0.000000 200.000000 2.000000 200.000000 0.000000 800.000000 2.000000 1.000000 20.000000 1.000000 0.000000 0.000000 0.000000 200.000000 2.000000 200.000000 0.000000 800.000000 2.000000 1.000000 20.000000 1.000000 0.000000 0.000000 0.000000 200.000000 2.000000 200.000000 0.000000 1.000000 1.000000 1.000000 20.000000 1.000000 0.000000 0.000000 0.000000 0.000000 0.000000 0.000000 0.000000 800.000000 2.000000 1.000000 20.000000 1.000000 0.000000 0.000000 0.000000 200.000000 2.000000 200.000000 0.000000 
15:50:52.077 800.000000 2.000000 1.000000 20.000000 1.000000 0.000000 0.000000 0.000000 200.000000 2.000000 200.000000 0.000000 800.000000 2.000000 1.000000 20.000000 1.000000 0.000000 0.000000 0.000000 200.000000 2.000000 200.000000 0.000000 800.000000 2.000000 1.000000 20.000000 1.000000 0.000000 0.000000 0.000000 200.000000 2.000000 200.000000 0.000000 1.000000 1.000000 1.000000 20.000000 1.000000 0.000000 0.000000 0.000000 0.000000 0.000000 0.000000 0.000000 800.000000 2.000000 1.000000 20.000000 1.000000 0.000000 0.000000 0.000000 200.000000 2.000000 200.000000 0.000000 
15:51:22.077 800.000000 2.000000 1.000000 20.000000 1.000000 0.000000 0.000000 0.000000 200.000000 2.000000 200.000000 0.000000 800.000000 2.000000 1.000000 20.000000 1.000000 0.000000 0.000000 0.000000 200.000000 2.000000 200.000000 0.000000 800.000000 2.000000 1.000000 20.000000 1.000000 0.000000 0.000000 0.000000 200.000000 2.000000 200.000000 0.000000 1.000000 1.000000 1.000000 20.000000 1.000000 0.000000 0.000000 0.000000 0.000000 0.000000 0.000000 0.000000 800.000000 2.000000 1.000000 20.000000 1.000000 0.000000 0.000000 0.000000 200.000000 2.000000 200.000000 0.000000 
15:51:52.077 800.000000 2.000000 1.000000 20.000000 1.000000 0.000000 0.000000 0.000000 200.000000 2.000000 200.000000 0.000000 800.000000 2.000000 1.000000 20.000000 1.000000 0.000000 0.000000 0.000000 200.000000 2.000000 200.000000 0.000000 800.000000 2.000000 1.000000 20.000000 1.000000 0.000000 0.000000 0.000000 200.000000 2.000000 200.000000 0.000000 1.000000 1.000000 1.000000 20.000000 1.000000 0.000000 0.000000 0.000000 0.000000 0.000000 0.000000 0.000000 800.000000 2.000000 1.000000 20.000000 1.000000 0.000000 0.000000 0.000000 200.000000 2.000000 200.000000 0.000000 
