0.000000 570.174988 810.662537 1096.524902 279.775024 547.487488 556.562500 356.912506 327.418762 297.925018 683.612488 1069.299927 
0.000000 565.423584 803.906982 1087.387207 277.443542 542.925110 551.924500 353.938232 324.690277 295.442291 677.915771 1060.389160 
0.000000 565.213135 803.713318 1073.600830 322.587982 474.650635 724.138123 503.450531 397.063019 290.675507 723.088196 1155.500854 
0.000000 565.214905 803.714905 1073.715820 322.211792 475.219604 722.703003 502.204590 396.459900 290.715210 722.711792 1154.708252 
0.000000 565.214905 803.714905 1073.714844 322.214905 475.214844 722.714966 502.214966 396.464935 290.714874 722.714905 1154.714844 
0.000000 565.746155 804.246155 1074.246094 322.746124 475.746124 723.246155 502.746124 396.996124 291.246124 723.246155 1155.246094 
0.000000 565.741699 804.241699 1074.241699 322.741699 475.741699 723.241699 502.741699 396.991699 291.241699 723.241699 1155.241699 
0.000000 565.933594 804.433594 1074.433594 322.933594 475.933594 723.433594 502.933594 397.183594 291.433594 723.433594 1155.433594 
0.000000 565.810974 804.310974 1074.311035 322.810974 475.810974 723.310974 502.810974 397.060974 291.310974 723.310974 1155.311035 
0.000000 566.093323 804.593323 1074.593384 323.093353 476.093353 723.593323 503.093353 397.343353 291.593353 723.593323 1155.593384 
0.000000 566.029541 804.529541 1074.529541 323.029572 476.029572 723.529541 503.029572 397.279572 291.529572 723.529541 1155.529541 
0.000000 565.862793 804.362793 1074.362793 322.862793 475.862793 723.362793 502.862793 397.112793 291.362793 723.362793 1155.362793 
0.000000 724.535706 872.285706 1060.610718 472.460754 502.948242 972.785706 552.635742 446.885742 341.135742 795.823242 1250.510742 
0.000000 723.068420 871.574707 1060.580322 471.069092 502.577515 970.562195 552.075928 446.325958 340.575958 795.074341 1249.572754 
0.000000 723.080627 871.580627 1060.580566 471.080688 502.580597 970.580688 552.080566 446.330627 340.580627 795.080627 1249.580566 
0.000000 723.080566 871.580566 1060.580566 471.080597 502.580597 970.580566 552.080566 446.330597 340.580597 795.080566 1249.580566 
